 1.2177860e-03 
 1.3579260e-03 
 2.7185490e-03 
 1.3546430e-03 
 8.1646970e-03 
 6.3790540e-03 
 2.3996200e-03 
 1.8085990e-03 
 2.3394440e-03 
 2.5477730e-03 
 4.5171530e-03 
 4.0821650e-03 
 2.2964990e-03 
 4.6154350e-03 
 1.5078950e-03 
 1.6080410e-03 
 2.0839470e-03 
 1.6523160e-03 
 1.9296960e-03 
 1.5404530e-03 
 1.2225430e-03 
 1.2553320e-03 
 1.1547360e-03 
 1.8864280e-03 
 4.5454260e-02 
 2.2396490e-03 
 1.7779840e-03 
 1.4356690e-03 
 1.8680920e-03 
 1.1135060e-03 
 1.2032900e-03 
 1.0222580e-03 
 1.1282550e-03 
 1.1016200e-03 
 1.2206790e-03 
 1.1724200e-03 
 1.3547520e-03 
 1.4252650e-03 
 1.4055980e-03 
 2.8946740e-03 
 1.9220540e-03 
 3.6822980e-03 
 4.6389420e-03 
 1.7185090e-02 
 3.2296100e-03 
 2.4160800e-03 
 1.4388770e-03 
 1.4684990e-03 
 1.9771740e-03 
 1.5150070e-03 
 1.4358540e-03 
 1.4364720e-03 
 1.4113310e-03 
 1.0337500e-03 
 1.0978900e-03 
 1.2200910e-03 
 1.3972920e-03 
 1.2047300e-03 
 1.0780400e-03 
 1.1660280e-03 
 1.7362410e-03 
 1.4856450e-03 
 1.8814700e-03 
 4.5017910e-02 
 2.2086220e-03 
 2.8334980e-03 
 1.9452570e-03 
 1.6154350e-03 
 1.6361110e-03 
 1.5268020e-03 
 1.3436230e-03 
 1.4018680e-03 
 1.4261760e-03 
 2.6439310e-03 
 1.8007080e-03 
 5.0416710e-03 
 1.8932680e-03 
 1.3790890e-03 
 1.7694870e-03 
 1.0386260e-03 
 1.8896960e-03 
 1.5069450e-03 
 1.3730900e-03 
 1.1514050e-03 
 1.4565000e-03 
 1.6926100e-03 
 1.7444540e-03 
 1.1236220e-02 
 7.4382880e-03 
 4.4233800e-03 
 3.0164470e-03 
 2.4655850e-03 
 2.0506080e-03 
 1.9390600e-03 
 1.7282900e-03 
 1.3764630e-03 
 1.2634100e-03 
 1.7936850e-03 
 1.4696640e-03 
 2.1788340e-03 
 5.2301440e-03 
 1.1508590e-03 
 1.6490470e-03 
 1.3437780e-03 
 1.1527820e-03 
 1.1947120e-03 
 1.1545770e-03 
 1.8483840e-03 
 1.2427430e-03 
 1.2952020e-03 
 2.5441930e-03 
 1.6097420e-03 
 5.8414610e-03 
 4.4816560e-03 
 3.2975780e-03 
 2.6732690e-03 
 2.7536110e-03 
 3.6028730e-03 
 1.6887540e-03 
 2.5062390e-03 
 1.2144280e-03 
 1.9339710e-03 
 1.6995140e-03 
 1.6661710e-03 
 1.9442880e-03 
 3.9143780e-03 
 1.7201900e-03 
 1.3287520e-03 
 4.5012020e-03 
 1.7019930e-03 
 1.5633960e-03 
 1.4975320e-03 
 1.2777240e-03 
 1.3251480e-03 
 1.3415970e-03 
 2.1052430e-03 
 1.5601090e-03 
 2.1441360e-03 
 2.3789420e-03 
 2.4241360e-03 
 2.3663550e-03 
 2.2505850e-03 
 1.5408930e-03 
 1.3888920e-03 
 1.4673330e-03 
 2.0161870e-03 
 1.2970970e-03 
 2.9762580e-03 
 1.6984640e-03 
 1.8779180e-03 
 2.2515780e-03 
 6.1886830e-03 
 1.5613960e-03 
 1.2361220e-03 
 1.2310200e-03 
 3.5716090e-03 
 3.4063870e-03 
 1.1231650e-03 
 1.9432510e-03 
 1.6140520e-03 
 1.3766770e-03 
 1.7428740e-03 
 1.7225230e-03 
 1.6119890e-03 
 1.5183240e-03 
 1.6253270e-03 
 1.4048990e-03 
 1.0714430e-03 
 1.0951820e-03 
 1.2447220e-03 
 1.5105840e-03 
 1.5218140e-03 
 1.6329170e-03 
 1.3919250e-03 
 3.8922920e-03 
 2.4314680e-03 
 7.9882960e-03 
 1.3401040e-03 
 1.5277590e-03 
 1.2887480e-03 
 2.0159220e-03 
 1.7275700e-03 
 1.4292940e-03 
 1.5499950e-03 
 1.4398990e-03 
 1.5008610e-03 
 1.5893040e-03 
 1.5693310e-03 
 1.6369440e-03 
 1.5263960e-03 
 1.2441440e-03 
 1.0335970e-03 
 1.0722260e-03 
 5.4464770e-03 
 1.5148410e-03 
 1.7806580e-03 
 1.6331750e-03 
 2.5766910e-03 
 1.7142100e-03 
 6.4840210e-03 
 1.9411910e-03 
 2.6067370e-03 
 1.5288260e-03 
 1.5128340e-03 
 1.9472950e-03 
 1.6498870e-03 
 2.6245600e-03 
 1.6664480e-03 
 1.8349590e-03 
 1.4759780e-03 
 1.6342540e-03 
 1.4148690e-03 
 1.2159520e-03 
 1.7368280e-03 
 2.4055540e-03 
 1.1874070e-03 
 1.2954350e-03 
 1.3560080e-03 
 1.2734880e-03 
 8.3897470e-03 
 2.2811340e-03 
 2.7119490e-03 
 1.6982020e-03 
 2.6537210e-03 
 2.8266770e-03 
 1.9086170e-03 
 1.7154210e-03 
 1.4041400e-03 
 1.5923100e-03 
 1.6604490e-03 
 1.2293050e-03 
 1.3437080e-03 
 1.3179320e-03 
 1.2589160e-03 
 1.5680760e-03 
 1.6291910e-03 
 2.6241770e-03 
 2.0037370e-03 
 1.9784430e-03 
 1.2707580e-03 
 1.1925070e-03 
 2.3479520e-03 
 3.9664410e-03 
 4.0112000e-03 
 1.6164710e-03 
 1.5180530e-03 
 2.8693960e-03 
 2.2126960e-03 
 5.2493770e-03 
 5.7951500e-03 
 1.9669680e-03 
 1.2913270e-03 
 1.7172780e-03 
 1.3987490e-03 
 1.4193120e-03 
 5.0497030e-03 
 1.3827300e-03 
 1.2825600e-03 
 1.3141770e-03 
 1.8372980e-03 
 1.8938150e-03 
 2.0188450e-03 
 1.3499720e-03 
 1.3988290e-03 
 1.3089840e-03 
 1.2854510e-03 
 5.7699820e-03 
 2.1456150e-03 
 1.9630190e-03 
 6.0247220e-01 
 4.9478390e-02 
 3.4701890e-02 
 3.3259640e-02 
 2.6819640e-03 
 2.4310550e-03 
 2.8258030e+00 
 1.1744910e-03 
 1.4782730e-03 
 1.2636980e-03 
 1.4512550e-03 
 1.5192310e-03 
 1.0730780e-03 
 1.3915060e-03 
 1.3743830e-03 
 1.3743530e-03 
 2.2170950e-03 
 1.3860980e-03 
 4.1599990e-03 
 6.9920030e-03 
 1.6242830e-03 
 1.4760540e-03 
 3.1095400e-03 
 3.3435460e-03 
 7.2269180e+00 
 2.7162410e-03 
 4.9273600e-03 
 2.4107780e-01 
 1.9166770e-03 
 5.4902040e-03 
 5.8362980e-03 
 2.1574660e-01 
 2.2910880e+00 
 1.2548580e-03 
 1.1346460e-03 
 1.3109430e-03 
 1.3789740e-03 
 2.1459330e-03 
 1.2848780e-03 
 1.1998230e-03 
 1.5973560e-03 
 1.3608740e-03 
 1.6152940e-03 
 1.6155720e-03 
 1.7071340e-03 
 1.0612980e-03 
 1.2888540e-02 
 2.0566840e-03 
 9.9482560e-01 
 2.7060630e-03 
 1.6928090e-03 
 2.5722110e-02 
 3.8418960e-03 
 2.8398970e-03 
 2.3675390e-03 
 1.7529720e-03 
 1.1061940e-03 
 1.0056630e-03 
 3.5608350e-02 
 2.1761850e-03 
 1.2094870e-03 
 1.3738850e-03 
 1.2243040e-03 
 1.1798910e-03 
 1.3317540e-03 
 1.4920890e-03 
 1.6674450e-03 
 1.5883410e-03 
 1.5933930e-03 
 2.0058300e-03 
 1.8631320e-03 
 7.6662050e-03 
 4.0413300e-03 
 2.7645770e-01 
 1.8478990e-03 
 2.1197370e-03 
 5.2068940e-03 
 2.1602890e-03 
 2.4961250e-03 
 1.5558440e-03 
 1.8895020e-03 
 1.2761790e-03 
 1.1181040e-03 
 1.0122370e-03 
 1.5382760e-02 
 1.6766470e-03 
 1.7822520e-03 
 1.6934250e-03 
 1.4438910e-03 
 1.4017400e-03 
 1.5626230e-03 
 1.7484800e-03 
 2.4399910e-03 
 1.3953250e-03 
 1.6757340e-03 
 2.4588500e-02 
 1.9209000e-03 
 1.0011000e+01 
 1.7367940e-03 
 1.6118410e-03 
 3.8986170e-03 
 1.6514210e-03 
 2.5624540e-03 
 2.1021850e-03 
 1.6580550e-03 
 2.4822370e-03 
 1.5080730e-03 
 1.1321620e-03 
 1.3428210e-03 
 1.7225930e-03 
 3.4351280e-03 
 1.3566990e-03 
 1.8364950e-03 
 2.0434620e-03 
 1.4113590e-03 
 1.6831410e-03 
 2.5037830e-03 
 2.0149040e-03 
 1.5543000e-03 
 2.7425190e-03 
 2.1589160e-03 
 3.8817290e-02 
 1.2379280e-01 
 4.9899390e-03 
 1.9826030e-03 
 1.9144260e-03 
 1.4053320e-03 
 6.8557950e-03 
 1.6496570e-03 
 1.3633590e-03 
 2.0473280e-03 
 1.2733250e-03 
 1.0429600e-03 
 1.7873240e-03 
 1.4764680e-03 
 1.7168490e-03 
 3.5361920e-03 
 1.4999420e-03 
 1.3558690e-03 
 1.3066630e-03 
 1.3506280e-03 
 1.5680460e-03 
 4.5544920e-03 
 1.3253950e-03 
 9.4806860e-01 
 1.0011000e+01 
 9.9156030e-02 
 1.1932610e-02 
 3.6481340e-03 
 3.8522730e-03 
 1.5292020e-03 
 1.6689500e-03 
 1.0289650e-02 
 1.6985790e-03 
 1.8817640e-03 
 1.8933090e-03 
 2.1453740e-03 
 4.4243260e-03 
 1.3501100e-03 
 1.5684600e-03 
 1.1779860e-03 
 1.4904510e-03 
 1.2104380e-03 
 1.7006450e-03 
 1.4166330e-03 
 1.3973990e-03 
 1.1164780e-03 
 1.8172590e-03 
 2.0902260e-03 
 4.6574870e-02 
 1.0011000e+01 
 1.8240780e-02 
 1.6021950e-02 
 1.8064890e-03 
 2.1907060e-03 
 1.6678230e-03 
 1.9030350e-03 
 3.3408850e-03 
 1.7187130e-03 
 1.6951560e-03 
 1.4491640e-03 
 7.3460660e-03 
 1.4454720e-03 
 1.6354140e-03 
 1.8208740e-03 
 2.1327310e-03 
 2.5684430e-03 
 1.2315690e-03 
 1.8224830e-03 
 1.6448590e-03 
 1.2673050e-03 
 4.6998150e-03 
 1.6745810e-03 
 1.8613270e-03 
 1.0173920e-02 
 2.1526020e-02 
 9.0039630e-03 
 1.4158040e-03 
 1.0478520e-02 
 1.9230560e-03 
 1.8929320e-03 
 1.5483470e-02 
 1.5272960e-03 
 1.9143730e-03 
 1.7219590e-03 
 1.7057840e-03 
 1.4441510e-03 
 1.9131270e-03 
 1.7821930e-03 
 1.2897360e-03 
 2.7085800e-03 
 1.5948290e-03 
 1.2701510e-03 
 1.7141020e-03 
 1.2348820e-03 
 1.2715910e-03 
 1.4289410e-03 
 1.7751860e-03 
 1.7428320e-03 
 2.7280110e-03 
 2.4908260e-03 
 1.7786280e-03 
 1.8489290e-03 
 7.6255770e-03 
 3.3225540e-03 
 2.1666030e-03 
 3.5733280e-02 
 1.5881080e-03 
 6.0794660e-03 
 1.5771720e-03 
 1.6696720e-03 
 2.5870070e-03 
 1.4198410e-03 
 2.1704880e-03 
 1.5529450e-03 
 1.3028520e-03 
 1.6801330e-03 
 1.1286070e-03 
 1.4235040e-03 
 1.4123810e-03 
 1.2591270e-03 
 1.2470580e-03 
 2.4173210e-03 
 1.4657080e-03 
 1.7751610e-03 
 1.3085560e-03 
 3.7193800e-03 
 2.1490500e-03 
 2.8512060e-03 
 5.5905370e-02 
 4.5601430e-02 
 2.0370280e-03 
 1.3360970e-03 
 1.2673260e-02 
 1.1984940e-03 
 1.5094720e-03 
 2.0613070e-03 
 1.7717260e-03 
 1.5968800e-03 
 1.6567360e-03 
 1.6226230e-03 
 1.3975350e-03 
 1.3710010e-03 
 1.3769970e-03 
 1.6077360e-03 
 1.5604140e-03 
 2.4185620e-03 
 1.5461210e-03 
 1.5323590e-03 
 7.4349840e-03 
 6.9409270e-03 
 3.2636050e-03 
 2.3290670e-03 
 2.3225540e-02 
 2.4492210e-02 
 3.5843490e-03 
 2.1151180e-03 
 2.0776830e-03 
 2.7726240e-03 
 1.2032610e-03 
 1.4746650e-03 
 1.7506460e-03 
 1.5299780e-03 
 1.5316160e-03 
 1.4851930e-03 
 1.4757390e-03 
 1.5732640e-03 
 1.4496540e-03 
 1.3205190e-03 
 1.4057230e-03 
 1.2956930e-03 
 1.3504700e-03 
 3.4049560e-03 
 1.9780130e-03 
 1.6704730e-03 
 1.7357260e-03 
 1.6677510e-03 
 4.5396060e-03 
 1.0363180e+00 
 6.1854940e-02 
 2.4317390e-03 
 2.2749280e-03 
 1.7523820e-03 
 4.8720540e-03 
 1.1259200e-03 
 7.0237600e-03 
 1.7272100e-03 
 2.2923100e-03 
 1.8063550e-03 
 1.4559870e-03 
 1.4490230e-03 
 1.4368880e-03 
 1.9132060e-03 
 1.3750700e-03 
 1.5627470e-03 
 1.4107570e-03 
 1.5488430e-03 
 1.6839350e-03 
 1.0316900e-01 
 1.0011000e+01 
 1.5671910e-01 
 2.7510980e-01 
 6.9182300e+00 
 1.0011000e+01 
 8.0322510e-03 
 2.5464820e-03 
 1.8453390e-03 
 1.4119210e-03 
 8.6716760e-02 
 4.1034450e-03 
 1.6802820e-03 
 2.0657560e-03 
 1.9131900e-03 
 1.3303540e-03 
 1.4256870e-03 
 1.4654850e-03 
 1.4221940e-03 
 1.5288350e-03 
 1.5857210e-03 
 2.3262300e-03 
 1.6095440e-03 
 1.6594110e-03 
 1.7917610e-03 
 5.7833900e-03 
 1.2114140e-01 
 2.0419780e-02 
 8.8933050e-02 
 1.8464800e+00 
 5.2057620e-03 
 3.2993590e-03 
 1.5002760e-03 
 1.6550440e-03 
 1.8053410e-03 
 6.2577140e-03 
 2.9367650e-03 
 2.5390260e-03 
 1.0709530e-02 
 1.5010320e-03 
 1.6149320e-03 
 1.6886430e-03 
 1.9929660e-03 
 1.5467150e-03 
 1.6509050e-03 
 1.7170970e-03 
 1.5548040e-03 
 1.5208280e-03 
 3.1152950e-03 
 2.1617490e-03 
 6.0494250e-03 
 1.4640340e-02 
 1.0011000e+01 
 3.2040010e-02 
 1.8627890e+00 
 2.5630220e-03 
 1.7101510e-03 
 1.6501360e-03 
 2.7045050e-03 
 1.7142990e-03 
 2.5868410e-03 
 3.6959120e-03 
 2.6912290e-03 
 1.8096930e-03 
 2.4950530e-03 
 1.4934710e-03 
 1.5975030e-03 
 1.6894430e-03 
 1.6409090e-03 
 1.5555240e-03 
 2.0712060e-03 
 1.6781550e-03 
 1.9441940e-03 
 2.1508970e-03 
 2.5762860e-03 
 1.2834950e-02 
 5.9222040e-01 
 1.7185140e-01 
 1.0011000e+01 
 1.5852940e-03 
 1.4720710e-03 
 2.5296440e-03 
 1.5391270e-03 
 1.7535680e-03 
 1.3858310e-03 
 1.6429280e-03 
 1.6447470e-03 
 2.6662090e-03 
 1.8054370e-03 
 1.4983950e-03 
 1.6200280e-03 
 1.3765340e-03 
 1.6118970e-02 
 1.0011000e+01 
 1.9262130e-03 
 1.4664950e-03 
 1.6868560e-03 
 1.6571500e-03 
 2.2260770e-03 
 1.9848150e-03 
 8.3108690e-03 
 2.8401700e-02 
 1.5061440e+00 
 1.0011000e+01 
 1.6657420e-03 
 1.5236960e-03 
 1.9185620e-03 
 1.5969400e-03 
 2.0564790e-03 
 1.4333450e-03 
 1.5121110e-03 
 2.7171430e-03 
 2.2088050e-03 
 1.6050010e-03 
 1.8481740e-03 
 1.7249970e-03 
 3.1615710e-03 
 4.2886210e-03 
 3.8142860e-03 
 2.9913540e-02 
 1.3226840e-03 
 1.4555680e-03 
 1.5305460e-03 
 1.7625760e-03 
 2.0206580e-03 
 7.0194300e-03 
 1.2753370e-02 
 1.6630430e-02 
 1.5193610e-02 
 2.2602640e-03 
 2.0235810e-03 
 2.3326630e-03 
 1.9936420e-03 
 1.6314510e-03 
 1.6021400e-03 
 1.3641420e-03 
 1.6591430e-03 
 2.1952090e-03 
 1.8369720e-03 
 1.5376610e-03 
 1.2730900e-03 
 3.3343470e-02 
 6.1752380e-03 
 7.7657320e+00 
 1.9964030e-03 
 1.5622230e-03 
 1.5362060e-03 
 2.7784190e-03 
 1.5956510e-03 
 1.9534660e-03 
 2.1898010e-03 
 2.5957940e-03 
 2.1737890e-03 
 3.1051150e-03 
 1.6712440e-03 
 1.7686240e-03 
 1.7163180e-03 
 1.5216960e-03 
 1.5806030e-03 
 1.7625720e-03 
 1.7820320e-03 
 1.9699170e-03 
 1.8659280e-03 
 2.4266590e-03 
 1.3820870e-03 
 2.5888370e-02 
 3.1583170e-03 
 3.3585070e-03 
 5.5820610e-03 
 1.7600430e-02 
 1.8271370e-03 
 1.9777530e-03 
 1.9236020e-03 
 1.5780320e-03 
 1.7679030e-03 
 2.4344760e-03 
 2.7206950e-03 
 1.3776910e-03 
 3.5066660e-03 
 8.1559270e-03 
 1.9915440e-03 
 1.9897700e-03 
 1.4607830e-03 
 1.8017320e-03 
 1.9734690e-03 
 2.8827750e-03 
 1.9292220e-03 
 2.1146150e-03 
 7.7146520e-03 
 3.2746440e-03 
 1.5055090e-02 
 1.7103570e-03 
 2.3155610e-03 
 1.1976440e-02 
 1.6401070e-03 
 2.8158530e-03 
 2.3764060e-03 
 3.0944310e-03 
 1.4834420e-03 
 1.5241380e-03 
 3.7797260e-03 
 1.2736750e-03 
 3.1926050e-03 
 1.5333250e-03 
 1.2705310e-03 
 1.9801520e-03 
 1.7106900e-03 
 1.6832980e-03 
 1.8145690e-03 
 2.0892930e-03 
 1.5881120e-03 
 2.3962170e-03 
 2.5668690e-03 
 6.4681120e-02 
 2.4349950e-02 
 2.6164760e-03 
 2.0165860e-03 
 2.1116260e-03 
 1.6522310e-03 
 3.7887080e-03 
 2.6664970e-03 
 1.7688280e-03 
 2.3841620e-03 
 1.5880500e-03 
 1.3409230e-03 
 4.0236000e-03 
 1.3333440e-03 
 1.3915150e-03 
 4.6895710e-03 
 1.2207160e-03 
 1.5265900e-03 
 1.9573500e-03 
 1.3881350e-03 
 5.3799950e-03 
 3.1943040e-03 
 3.3636790e-03 
 2.3369330e-03 
 2.7113970e-03 
 4.2499180e-03 
 2.4492520e-03 
 5.2051930e-02 
 2.1414130e-03 
 1.9276300e-03 
 3.0279670e-03 
 2.6759350e-03 
 1.9053300e-03 
 1.8456380e-03 
 1.3529390e-03 
 1.5851490e-03 
 2.6630270e-03 
 1.2710330e-03 
 1.1331730e-03 
 1.1121420e-03 
 1.6732240e-03 
 1.3575750e-03 
 1.7750160e-03 
 1.3824760e-03 
 1.4122220e-03 
 2.7343710e-03 
 1.0011000e+01 
 1.0604320e-01 
 1.7451510e-03 
 2.3753660e-03 
 1.5714220e-03 
 1.5788370e-03 
 1.5331320e-02 
 1.7957810e-03 
 1.9823920e-03 
 2.0167920e-03 
 1.0648120e-02 
 1.3171390e-03 
 1.2781690e-03 
 1.2455790e-03 
 2.3824480e-03 
 4.7673890e-03 
 1.0508840e-03 
 3.0907100e-03 
 1.6273090e-03 
 1.3035330e-03 
 1.4908410e-03 
 1.4566940e-03 
 1.7088170e-03 
 1.3569700e-03 
 5.2996350e-03 
 1.0011000e+01 
 2.0090060e-01 
 1.3414890e-03 
 2.5799320e-03 
 1.5243350e-03 
 1.7672930e-03 
 1.7397200e-01 
 1.6297350e-03 
 2.1463610e-03 
 1.7585140e-03 
 1.0835150e-02 
 1.8364030e-03 
 3.5825670e-03 
 1.0598680e-03 
 3.8573210e-03 
 9.2343080e-04 
 6.0486890e-03 
 1.2287810e-03 
 1.5036280e-03 
 1.0804130e-03 
 2.0963400e-03 
 1.3815040e-03 
 1.8641860e-03 
 1.5893810e-03 
 4.2183150e-02 
 7.4041930e-03 
 7.5449940e-03 
 2.3608570e-03 
 8.4116370e-02 
 1.9187290e-03 
 1.4209830e-03 
 1.6424260e-02 
 1.6692570e-03 
 1.9259300e-03 
 1.6527170e-02 
 2.0902380e-03 
 2.3344430e-03 
 1.1859990e-03 
 2.4355070e-03 
 2.1115370e-03 
 2.9841730e-03 
 1.1596070e-03 
 1.3636960e-03 
 1.3539000e-03 
 1.7984060e-03 
 1.3250460e-03 
 1.4491840e-03 
 1.5757940e-03 
 1.5749060e-03 
 3.0262480e-03 
 1.1585790e-02 
 2.1213360e-03 
 2.1105180e-03 
 7.6267590e-03 
 2.1474010e-03 
 1.7905020e-03 
 3.4128040e-02 
 2.0079840e-03 
 1.8215410e-03 
 1.0939350e-02 
 4.6340620e-03 
 1.2481560e-03 
 1.1645770e-03 
 1.6191800e-03 
 1.0523080e-03 
 1.1165950e-03 
 1.1877660e-03 
 1.0712050e-03 
 2.1961590e-03 
 1.3223380e-03 
 2.3767880e-03 
 1.3302180e-03 
 1.3767210e-03 
 1.7634850e-03 
 3.8940350e-03 
 1.2061570e-02 
 1.7526040e-03 
 2.3765810e-03 
 5.5935470e-03 
 2.1653650e-03 
 3.2680930e-03 
 6.5786400e-03 
 2.5390020e-03 
 2.1085930e-03 
 5.2999420e-03 
 1.2717700e-02 
 1.1815730e-03 
 1.0963130e-03 
 1.6369410e-03 
 1.1666450e-03 
 1.0636940e-03 
 1.0484290e-03 
 1.3715650e-03 
 1.2351820e-03 
 1.5929090e-03 
 1.4807720e-03 
 1.9685810e-03 
 1.1378080e-03 
 2.2801850e-03 
 2.2668990e-03 
 2.2155440e-02 
 1.8585730e-03 
 3.2158400e-03 
 2.3729560e-03 
 2.0525190e-03 
 7.4352310e-03 
 3.7119180e-03 
 5.5846860e-03 
 2.4388020e-03 
 1.9804210e-03 
 1.4030390e-01 
 5.0839950e-02 
 2.9473960e-03 
 4.6408440e-03 
 2.4112200e-03 
 1.3246880e-03 
 9.8270750e-04 
 1.7954310e-03 
 1.7533010e-03 
 3.3648340e-03 
 1.7837380e-03 
 1.3985220e-03 
 1.1978240e-03 
 1.2351400e-03 
 3.1102060e-03 
 9.7436820e-02 
 1.9496290e-03 
 2.4055200e-03 
 1.6776710e-03 
 1.8176010e-03 
 1.9265660e-03 
 3.3642710e-03 
 1.6490380e-03 
 4.6894680e+00 
 1.0011000e+01 
 2.4942720e-03 
 1.4374120e-02 
 1.6466870e-01 
 2.1599000e-02 
 3.1247820e-03 
 8.1931360e-03 
 7.6232620e-03 
 1.2168800e-03 
 1.3721660e-03 
 1.2890520e-03 
 1.3188680e-03 
 1.6575380e-03 
 1.3994940e-03 
 4.8077350e-03 
 2.8440880e-03 
 4.5215670e-01 
 1.7525280e-03 
 7.2267660e-03 
 1.4210150e-02 
 1.6587130e-03 
 1.1649320e-03 
 1.3022880e-03 
 1.4308370e-02 
 1.0011000e+01 
 0.0000000e+00 
 1.0011000e+01 
 1.0467510e-02 
 2.0698490e-02 
 1.8956020e-02 
 2.1570050e-02 
 1.2681400e-02 
 2.5054180e-03 
 1.7855060e-03 
 1.2339970e-03 
 1.9093920e-03 
 2.1207320e-03 
 1.5716290e-03 
 2.1736200e-03 
 1.4095610e-03 
 3.8959070e-02 
 8.2389810e-03 
 3.1193660e-03 
 3.4280690e-02 
 1.0166980e-01 
 1.6008990e-03 
 1.9168660e-03 
 8.6782730e-03 
 4.4103380e-03 
 9.3786310e-02 
 1.0011000e+01 
 8.4877260e-02 
 1.0011000e+01 
 0.0000000e+00 
 1.0011000e+01 
 1.0011000e+01 
 1.0011000e+01 
 1.0011000e+01 
 1.1074040e-01 
 3.8858960e-02 
 7.4900270e-02 
 2.3450200e-02 
 2.9955190e-01 
 0.0000000e+00 
 1.0011000e+01 
 4.5740230e-02 
 4.3058180e-02 
 2.1103510e-02 
 5.7658330e-01 
 8.7886250e+00 
 2.1598790e-03 
 1.3816370e-03 
 1.3248840e-03 
 6.8079970e-03 
 1.0011000e+01 
 1.0011000e+01 
 1.0011000e+01 
 0.0000000e+00 
 0.0000000e+00 
 1.0011000e+01 
 1.0011000e+01 
 0.0000000e+00 
 0.0000000e+00 
 0.0000000e+00 
 0.0000000e+00 
 1.0011000e+01 
 0.0000000e+00 
 0.0000000e+00 
 0.0000000e+00 
 1.0011000e+01 
 1.0011000e+01 
 1.0011000e+01 
 1.0011000e+01 
 4.9147380e-03 
 1.7359280e-03 
 1.8235470e-03 
 1.3825030e-03 
 1.2575460e-03 
 1.2408930e-01 
 0.0000000e+00 
 0.0000000e+00 
 1.0011000e+01 
 0.0000000e+00 
 1.0011000e+01 
 0.0000000e+00 
 0.0000000e+00 
 0.0000000e+00 
 0.0000000e+00 
 0.0000000e+00 
 0.0000000e+00 
 0.0000000e+00 
 1.0011000e+01 
 1.0011000e+01 
 0.0000000e+00 
 0.0000000e+00 
 0.0000000e+00 
 0.0000000e+00 
 1.0341790e+00 
 2.2903470e-03 
 2.1611680e-03 
 1.6631630e-03 
 1.4369680e-03 
 1.3277050e-03 
 1.0011000e+01 
 1.0011000e+01 
 1.0011000e+01 
 0.0000000e+00 
 0.0000000e+00 
 1.0011000e+01 
 0.0000000e+00 
 0.0000000e+00 
 4.9146020e-04 
 0.0000000e+00 
 0.0000000e+00 
 0.0000000e+00 
 0.0000000e+00 
 0.0000000e+00 
 0.0000000e+00 
 1.0011000e+01 
 0.0000000e+00 
 0.0000000e+00 
 1.0011000e+01 
 1.3960080e+00 
 2.8489320e-02 
 1.3942800e-03 
 1.7534670e-03 
 1.7055040e-03 
 5.1995340e-03 
 1.0011000e+01 
 8.7527000e-02 
 1.0011000e+01 
 0.0000000e+00 
 0.0000000e+00 
 0.0000000e+00 
 4.9146020e-04 
 0.0000000e+00 
 0.0000000e+00 
 1.0011000e+01 
 1.0011000e+01 
 0.0000000e+00 
 0.0000000e+00 
 0.0000000e+00 
 0.0000000e+00 
 1.0011000e+01 
 0.0000000e+00 
 0.0000000e+00 
 1.0011000e+01 
 2.6742560e-03 
 1.3378780e-03 
 8.1262670e-03 
 2.4323370e-03 
 1.7604550e-03 
 5.9294510e-03 
 0.0000000e+00 
 1.0011000e+01 
 1.0011000e+01 
 1.0011000e+01 
 1.0011000e+01 
 0.0000000e+00 
 0.0000000e+00 
 0.0000000e+00 
 4.9146020e-04 
 0.0000000e+00 
 1.0011000e+01 
 0.0000000e+00 
 1.0011000e+01 
 1.0011000e+01 
 0.0000000e+00 
 0.0000000e+00 
 0.0000000e+00 
 4.9146020e-04 
 0.0000000e+00 
 1.0011000e+01 
 3.0844220e-02 
 1.2915190e-03 
 3.1116810e-03 
 4.1469330e-03 
 2.0642910e-03 
 1.0011000e+01 
 1.0011000e+01 
 0.0000000e+00 
 1.0011000e+01 
 0.0000000e+00 
 0.0000000e+00 
 0.0000000e+00 
 0.0000000e+00 
 0.0000000e+00 
 0.0000000e+00 
 1.0011000e+01 
 1.0011000e+01 
 0.0000000e+00 
 1.0011000e+01 
 0.0000000e+00 
 0.0000000e+00 
 0.0000000e+00 
 0.0000000e+00 
 0.0000000e+00 
 6.8422960e-01 
 1.7435250e-03 
 1.6723670e-03 
 2.4758040e-03 
 2.6314370e-03 
 3.9814060e-03 
 0.0000000e+00 
 1.0011000e+01 
 1.0011000e+01 
 6.1318570e+00 
 0.0000000e+00 
 4.9146020e-04 
 0.0000000e+00 
 0.0000000e+00 
 0.0000000e+00 
 1.0011000e+01 
 0.0000000e+00 
 1.0011000e+01 
 0.0000000e+00 
 0.0000000e+00 
 0.0000000e+00 
 0.0000000e+00 
 0.0000000e+00 
 0.0000000e+00 
 0.0000000e+00 
 5.2180230e-01 
 1.5173860e-03 
 1.8420170e-03 
 5.5328610e-03 
 2.0368910e-02 
 3.3476860e-03 
 1.0011000e+01 
 1.0011000e+01 
 1.0011000e+01 
 0.0000000e+00 
 1.0011000e+01 
 0.0000000e+00 
 0.0000000e+00 
 1.0011000e+01 
 1.0011000e+01 
 1.0011000e+01 
 0.0000000e+00 
 0.0000000e+00 
 0.0000000e+00 
 1.0011000e+01 
 1.0011000e+01 
 0.0000000e+00 
 0.0000000e+00 
 0.0000000e+00 
 0.0000000e+00 
 6.4181310e-01 
 1.5015970e-03 
 1.7969610e-03 
 8.4350750e-03 
 1.7872600e-03 
 1.0011000e+01 
 1.0011000e+01 
 1.6864390e-01 
 1.0011000e+01 
 1.0011000e+01 
 1.0011000e+01 
 0.0000000e+00 
 0.0000000e+00 
 1.0011000e+01 
 1.0011000e+01 
 0.0000000e+00 
 0.0000000e+00 
 0.0000000e+00 
 1.0011000e+01 
 0.0000000e+00 
 0.0000000e+00 
 1.4303150e-01 
 0.0000000e+00 
 0.0000000e+00 
 0.0000000e+00 
 9.6417010e-03 
 8.5778650e-02 
 3.8237180e-02 
 1.4803100e-03 
 2.8488970e-03 
 5.0554600e+00 
 0.0000000e+00 
 3.2395220e+00 
 1.0011000e+01 
 1.0011000e+01 
 0.0000000e+00 
 1.0011000e+01 
 1.0011000e+01 
 1.0011000e+01 
 0.0000000e+00 
 0.0000000e+00 
 1.0011000e+01 
 1.0011000e+01 
 1.0011000e+01 
 0.0000000e+00 
 1.0011000e+01 
 1.0011000e+01 
 0.0000000e+00 
 1.0011000e+01 
 1.0011000e+01 
 5.6948500e-03 
 1.8897260e-01 
 9.1188000e-02 
 2.6673300e-03 
 1.5946070e-03 
 1.0011000e+01 
 3.3451420e+00 
 1.0011000e+01 
 1.0011000e+01 
 1.0011000e+01 
 1.0011000e+01 
 1.0011000e+01 
 1.0011000e+01 
 0.0000000e+00 
 1.0011000e+01 
 0.0000000e+00 
 1.0011000e+01 
 1.0011000e+01 
 1.0011000e+01 
 0.0000000e+00 
 1.0011000e+01 
 0.0000000e+00 
 0.0000000e+00 
 0.0000000e+00 
 1.0011000e+01 
 5.7409230e+00 
 1.4503870e-03 
 1.8709270e-03 
 2.2340620e-03 
 3.3264080e-03 
 1.0011000e+01 
 1.0011000e+01 
 1.0011000e+01 
 1.1182800e-01 
 1.0011000e+01 
 3.3879600e-01 
 2.1977490e+00 
 0.0000000e+00 
 0.0000000e+00 
 1.0011000e+01 
 0.0000000e+00 
 0.0000000e+00 
 1.0011000e+01 
 1.0011000e+01 
 0.0000000e+00 
 0.0000000e+00 
 0.0000000e+00 
 4.9146020e-04 
 0.0000000e+00 
 1.0011000e+01 
 8.2678990e-03 
 1.2530340e-02 
 1.8040240e-02 
 2.7216800e-03 
 1.3530820e-02 
 1.0011000e+01 
 1.0011000e+01 
 0.0000000e+00 
 1.0011000e+01 
 0.0000000e+00 
 2.0171570e+00 
 2.9409190e+00 
 0.0000000e+00 
 1.0011000e+01 
 0.0000000e+00 
 4.9146020e-04 
 0.0000000e+00 
 1.0011000e+01 
 1.0011000e+01 
 0.0000000e+00 
 1.0011000e+01 
 1.0011000e+01 
 0.0000000e+00 
 0.0000000e+00 
 0.0000000e+00 
 1.1306400e-02 
 7.6544020e-03 
 5.6797350e-03 
 7.1589670e-02 
 6.2571330e-01 
 1.5419210e-01 
 1.4458870e-01 
 1.0011000e+01 
 8.0896310e-01 
 0.0000000e+00 
 1.0011000e+01 
 1.0011000e+01 
 1.0011000e+01 
 1.0011000e+01 
 1.0011000e+01 
 0.0000000e+00 
 0.0000000e+00 
 1.0011000e+01 
 0.0000000e+00 
 1.0011000e+01 
 3.3346460e-02 
 1.0011000e+01 
 0.0000000e+00 
 0.0000000e+00 
 1.0011000e+01 
 5.1122460e-02 
 1.3418740e-03 
 1.7274800e-03 
 1.0011000e+01 
 4.4523650e-03 
 4.2629770e-02 
 1.0011000e+01 
 7.7556640e-02 
 1.0011000e+01 
 1.0011000e+01 
 1.0011000e+01 
 1.0011000e+01 
 3.0200920e-02 
 1.0011000e+01 
 1.0011000e+01 
 1.0011000e+01 
 1.7417800e-02 
 1.0011000e+01 
 1.0011000e+01 
 1.0011000e+01 
 1.0011000e+01 
 1.0011000e+01 
 0.0000000e+00 
 1.0011000e+01 
 1.0011000e+01 
 9.7275310e-03 
 1.3963310e-03 
 1.8322420e-03 
 1.0011000e+01 
 2.9035720e-03 
 3.9615910e-02 
 1.4283290e-02 
 1.0011000e+01 
 1.0011000e+01 
 1.0011000e+01 
 1.3274290e-01 
 1.0011000e+01 
 1.0011000e+01 
 0.0000000e+00 
 6.1080230e+00 
 1.0011000e+01 
 0.0000000e+00 
 5.1435610e-01 
 0.0000000e+00 
 1.0011000e+01 
 1.0011000e+01 
 1.0011000e+01 
 0.0000000e+00 
 1.0011000e+01 
 3.3282940e-02 
 7.5575700e-03 
 1.4166480e-03 
 1.7513480e-03 
 0.0000000e+00 
 1.1404160e+00 
 1.9092240e-03 
 5.1772100e-03 
 1.5234640e-02 
 5.0173550e-02 
 6.0245240e-01 
 1.0011000e+01 
 1.0011000e+01 
 0.0000000e+00 
 1.0011000e+01 
 1.0011000e+01 
 1.0011000e+01 
 1.5511920e+00 
 1.0011000e+01 
 2.0073180e-02 
 1.0011000e+01 
 1.0011000e+01 
 7.1195750e-01 
 1.0011000e+01 
 0.0000000e+00 
 1.0011000e+01 
 1.5552500e-03 
 1.3977940e-03 
 1.7497080e-03 
 0.0000000e+00 
 0.0000000e+00 
 2.1297740e+00 
 1.9878010e-03 
 2.0981060e-02 
 7.7736010e-02 
 3.2463690e-02 
 1.0011000e+01 
 1.0011000e+01 
 0.0000000e+00 
 9.1057520e-01 
 1.0011000e+01 
 0.0000000e+00 
 1.0258320e+00 
 2.4947430e+00 
 0.0000000e+00 
 0.0000000e+00 
 1.0011000e+01 
 1.0011000e+01 
 1.2534140e-01 
 1.0011000e+01 
 9.2400460e-02 
 1.6009670e-03 
 1.4036950e-03 
 1.7149250e-03 
 0.0000000e+00 
 0.0000000e+00 
 0.0000000e+00 
 6.1018980e-01 
 3.5450530e-03 
 3.9917460e-02 
 1.0011000e+01 
 0.0000000e+00 
 4.4569520e+00 
 1.0011000e+01 
 1.0011000e+01 
 1.0011000e+01 
 3.8246340e+00 
 1.2196310e-01 
 3.0182050e-01 
 1.0011000e+01 
 1.0011000e+01 
 0.0000000e+00 
 0.0000000e+00 
 1.0011000e+01 
 1.0011000e+01 
 1.2131880e-02 
 1.4754930e-03 
 1.3000170e-03 
 1.3795210e-03 
 0.0000000e+00 
 0.0000000e+00 
 0.0000000e+00 
 0.0000000e+00 
 8.1299680e-01 
 2.9634520e-03 
 4.2215850e-02 
 4.5121380e-01 
 1.0011000e+01 
 1.0011000e+01 
 1.7231490e-01 
 1.0011000e+01 
 1.0011000e+01 
 1.0011000e+01 
 1.0011000e+01 
 1.0011000e+01 
 3.5192120e-02 
 2.4127800e-01 
 2.1876170e+00 
 1.0011000e+01 
 0.0000000e+00 
 1.0061990e-02 
 1.7874830e-03 
 1.9574640e-03 
 2.5198230e-03 
 0.0000000e+00 
 0.0000000e+00 
 0.0000000e+00 
 0.0000000e+00 
 0.0000000e+00 
 4.3068410e-01 
 4.4868870e-03 
 7.0078660e-03 
 1.8485530e-01 
 6.5015640e-02 
 1.0011000e+01 
 6.1267980e-01 
 1.0011000e+01 
 1.0011000e+01 
 2.5301040e-01 
 1.0011000e+01 
 1.0011000e+01 
 0.0000000e+00 
 1.0011000e+01 
 1.0011000e+01 
 1.0011000e+01 
 2.9756670e-03 
 3.2996130e-03 
 4.6372310e-03 
 1.0456890e-01 
 0.0000000e+00 
 0.0000000e+00 
 0.0000000e+00 
 0.0000000e+00 
 0.0000000e+00 
 0.0000000e+00 
 4.3864960e-01 
 3.6931690e-03 
 1.5727100e-02 
 4.9739910e+00 
 1.0011000e+01 
 1.0011000e+01 
 1.0011000e+01 
 1.6507850e-01 
 1.2612210e-01 
 1.0011000e+01 
 2.9504520e-02 
 1.0011000e+01 
 4.8669780e-01 
 1.0011000e+01 
 2.9854180e-02 
 1.0010410e-02 
 1.8162980e-03 
 7.7742080e-02 
 0.0000000e+00 
 0.0000000e+00 
 0.0000000e+00 
 0.0000000e+00 
 0.0000000e+00 
 0.0000000e+00 
 0.0000000e+00 
 0.0000000e+00 
 8.8073930e-01 
 5.9112590e-03 
 4.3737810e-01 
 2.2685970e-02 
 1.0011000e+01 
 1.2200310e+00 
 9.5293480e-02 
 1.0011000e+01 
 1.0011000e+01 
 1.0011000e+01 
 1.0011000e+01 
 1.0011000e+01 
 9.6040300e-01 
 1.6973640e-01 
 3.4761920e-03 
 7.3921560e-03 
 8.7812100e-02 
 0.0000000e+00 
 0.0000000e+00 
 0.0000000e+00 
 0.0000000e+00 
 0.0000000e+00 
 0.0000000e+00 
 0.0000000e+00 
 0.0000000e+00 
 0.0000000e+00 
 1.8068710e+00 
 1.8395180e-03 
 4.1397550e-02 
 4.8599950e-01 
 3.3003040e-02 
 4.6148520e-02 
 7.9885040e-02 
 1.4943800e-02 
 1.0011000e+01 
 1.0011000e+01 
 1.6412290e-01 
 1.0011000e+01 
 1.1955350e-01 
 4.7084020e-03 
 2.4716140e-02 
 0.0000000e+00 
 0.0000000e+00 
 0.0000000e+00 
 0.0000000e+00 
 0.0000000e+00 
 0.0000000e+00 
 0.0000000e+00 
 0.0000000e+00 
 0.0000000e+00 
 0.0000000e+00 
 0.0000000e+00 
 1.0011000e+01 
 1.3739470e-01 
 1.6148760e-02 
 2.2340570e-02 
 3.5495220e-03 
 5.4075030e-03 
 8.8516050e-03 
 1.5786630e-02 
 4.2967300e-01 
 4.0753140e-02 
 1.0011000e+01 
 5.5513640e-03 
 3.7923550e-02 
 2.1223070e+00 
 0.0000000e+00 
 0.0000000e+00 
 0.0000000e+00 
 0.0000000e+00 
 0.0000000e+00 
 0.0000000e+00 
 0.0000000e+00 
 0.0000000e+00 
 0.0000000e+00 
 0.0000000e+00 
 0.0000000e+00 
 0.0000000e+00 
 0.0000000e+00 
 0.0000000e+00 
 0.0000000e+00 
 1.0011000e+01 
 2.5585010e+00 
 1.3369880e-02 
 3.7044640e-03 
 2.7251500e-03 
 8.2049400e-03 
 2.5227940e-03 
 6.8710630e-03 
 1.5281560e-01 
 0.0000000e+00 
 0.0000000e+00 
 0.0000000e+00 
 0.0000000e+00 
 0.0000000e+00 
 0.0000000e+00 
 0.0000000e+00 
 0.0000000e+00 
 0.0000000e+00 
 0.0000000e+00 
 0.0000000e+00 
 0.0000000e+00 
 0.0000000e+00 
 0.0000000e+00 
 0.0000000e+00 
 0.0000000e+00 
 0.0000000e+00 
 0.0000000e+00 
 0.0000000e+00 
 1.0011000e+01 
 1.0011000e+01 
 4.7618710e-01 
 2.8188010e+00 
 0.0000000e+00 
 0.0000000e+00 
 0.0000000e+00 
 0.0000000e+00 
 0.0000000e+00 
 0.0000000e+00 
 0.0000000e+00 
 0.0000000e+00 
 0.0000000e+00 
 0.0000000e+00 
 0.0000000e+00 
 0.0000000e+00 
 0.0000000e+00 
 0.0000000e+00 
 0.0000000e+00 
 0.0000000e+00 
 0.0000000e+00 
 0.0000000e+00 
 0.0000000e+00 
 0.0000000e+00 
 0.0000000e+00 
 0.0000000e+00 
 0.0000000e+00 
 0.0000000e+00 
 0.0000000e+00 
 0.0000000e+00 
 0.0000000e+00 
 0.0000000e+00 
 0.0000000e+00 
 0.0000000e+00 
 0.0000000e+00 
 0.0000000e+00 
 0.0000000e+00 
 0.0000000e+00 
 0.0000000e+00 
 0.0000000e+00 
 0.0000000e+00 
 0.0000000e+00 
 0.0000000e+00 
 0.0000000e+00 
 0.0000000e+00 
 0.0000000e+00 
 0.0000000e+00 
 0.0000000e+00 
 0.0000000e+00 
 0.0000000e+00 
 0.0000000e+00 
 0.0000000e+00 
 0.0000000e+00 
 0.0000000e+00 
 0.0000000e+00 
 0.0000000e+00 
 0.0000000e+00 
 0.0000000e+00 
 0.0000000e+00 
 0.0000000e+00 
 0.0000000e+00 
 0.0000000e+00 
 0.0000000e+00 
 0.0000000e+00 
 0.0000000e+00 
 0.0000000e+00 
 0.0000000e+00 
 0.0000000e+00 
 0.0000000e+00 
 0.0000000e+00 
 0.0000000e+00 
 0.0000000e+00 
 0.0000000e+00 
 0.0000000e+00 
 0.0000000e+00 
 0.0000000e+00 
 0.0000000e+00 
 0.0000000e+00 
 0.0000000e+00 
 0.0000000e+00 
 0.0000000e+00 
 0.0000000e+00 
 0.0000000e+00 
 0.0000000e+00 
 0.0000000e+00 
 0.0000000e+00 
 0.0000000e+00 
 0.0000000e+00 
 0.0000000e+00 
 0.0000000e+00 
 0.0000000e+00 
 0.0000000e+00 
 0.0000000e+00 
 0.0000000e+00 
 0.0000000e+00 
 0.0000000e+00 
 0.0000000e+00 
 0.0000000e+00 
 0.0000000e+00 
 0.0000000e+00 
 0.0000000e+00 
 0.0000000e+00 
 0.0000000e+00 
 0.0000000e+00 
 0.0000000e+00 
 0.0000000e+00 
 0.0000000e+00 
 0.0000000e+00 
 0.0000000e+00 
 0.0000000e+00 
 0.0000000e+00 
 0.0000000e+00 
 0.0000000e+00 
 0.0000000e+00 
 0.0000000e+00 
 0.0000000e+00 
 0.0000000e+00 
 0.0000000e+00 
 0.0000000e+00 
 0.0000000e+00 
 0.0000000e+00 
 0.0000000e+00 
 0.0000000e+00 
 0.0000000e+00 
 0.0000000e+00 
 0.0000000e+00 
 0.0000000e+00 
 0.0000000e+00 
 0.0000000e+00 
 0.0000000e+00 
 0.0000000e+00 
 0.0000000e+00 
 0.0000000e+00 
 0.0000000e+00 
 0.0000000e+00 
 0.0000000e+00 
 0.0000000e+00 
 0.0000000e+00 
 0.0000000e+00 
 0.0000000e+00 
 0.0000000e+00 
 0.0000000e+00 
 0.0000000e+00 
 0.0000000e+00 
 0.0000000e+00 
 0.0000000e+00 
 0.0000000e+00 
 0.0000000e+00 
 0.0000000e+00 
 0.0000000e+00 
 0.0000000e+00 
 0.0000000e+00 
 0.0000000e+00 
 0.0000000e+00 
 0.0000000e+00 
 0.0000000e+00 
 0.0000000e+00 
 0.0000000e+00 
 0.0000000e+00 
 0.0000000e+00 
 0.0000000e+00 
 0.0000000e+00 
 0.0000000e+00 
 0.0000000e+00 
 0.0000000e+00 
 0.0000000e+00 
 0.0000000e+00 
 0.0000000e+00 
 0.0000000e+00 
 0.0000000e+00 
 0.0000000e+00 
 0.0000000e+00 
 0.0000000e+00 
 0.0000000e+00 
 0.0000000e+00 
 0.0000000e+00 
 0.0000000e+00 
 0.0000000e+00 
 0.0000000e+00 
 0.0000000e+00 
 0.0000000e+00 
 0.0000000e+00 
 0.0000000e+00 
 0.0000000e+00 
 0.0000000e+00 
 0.0000000e+00 
 0.0000000e+00 
 0.0000000e+00 
 0.0000000e+00 
 0.0000000e+00 
 0.0000000e+00 
 0.0000000e+00 
 0.0000000e+00 
 0.0000000e+00 
 0.0000000e+00 
 0.0000000e+00 
 0.0000000e+00 
 0.0000000e+00 
 0.0000000e+00 
 0.0000000e+00 
 0.0000000e+00 
 0.0000000e+00 
 0.0000000e+00 
 0.0000000e+00 
 0.0000000e+00 
 0.0000000e+00 
 0.0000000e+00 
 0.0000000e+00 
 0.0000000e+00 
 0.0000000e+00 
 0.0000000e+00 
 0.0000000e+00 
 0.0000000e+00 
 0.0000000e+00 
 0.0000000e+00 
 0.0000000e+00 
 0.0000000e+00 
 0.0000000e+00 
 0.0000000e+00 
 0.0000000e+00 
 0.0000000e+00 
 0.0000000e+00 
 0.0000000e+00 
 0.0000000e+00 
 0.0000000e+00 
 0.0000000e+00 
 0.0000000e+00 
 0.0000000e+00 
 0.0000000e+00 
 0.0000000e+00 
 0.0000000e+00 
 0.0000000e+00 
 0.0000000e+00 
 0.0000000e+00 
 0.0000000e+00 
 0.0000000e+00 
 0.0000000e+00 
 0.0000000e+00 
 0.0000000e+00 
 0.0000000e+00 
 0.0000000e+00 
 0.0000000e+00 
 0.0000000e+00 
 0.0000000e+00 
 0.0000000e+00 
 0.0000000e+00 
 0.0000000e+00 
 0.0000000e+00 
 0.0000000e+00 
 0.0000000e+00 
 0.0000000e+00 
 0.0000000e+00 
 0.0000000e+00 
 0.0000000e+00 
 0.0000000e+00 
 0.0000000e+00 
 0.0000000e+00 
 0.0000000e+00 
 0.0000000e+00 
 0.0000000e+00 
 0.0000000e+00 
 0.0000000e+00 
 0.0000000e+00 
 0.0000000e+00 
 0.0000000e+00 
 0.0000000e+00 
 0.0000000e+00 
 0.0000000e+00 
 0.0000000e+00 
 0.0000000e+00 
 0.0000000e+00 
 0.0000000e+00 
 0.0000000e+00 
 0.0000000e+00 
 0.0000000e+00 
 0.0000000e+00 
 0.0000000e+00 
 0.0000000e+00 
 0.0000000e+00 
 0.0000000e+00 
 0.0000000e+00 
 0.0000000e+00 
 0.0000000e+00 
 0.0000000e+00 
 0.0000000e+00 
 0.0000000e+00 
 0.0000000e+00 
 0.0000000e+00 
 0.0000000e+00 
 0.0000000e+00 
 0.0000000e+00 
 0.0000000e+00 
 0.0000000e+00 
 0.0000000e+00 
 0.0000000e+00 
 0.0000000e+00 
 0.0000000e+00 
 0.0000000e+00 
 0.0000000e+00 
 0.0000000e+00 
 0.0000000e+00 
 0.0000000e+00 
 0.0000000e+00 
 0.0000000e+00 
 0.0000000e+00 
 0.0000000e+00 
 0.0000000e+00 
 0.0000000e+00 
 0.0000000e+00 
 0.0000000e+00 
 0.0000000e+00 
 0.0000000e+00 
 0.0000000e+00 
 0.0000000e+00 
 0.0000000e+00 
 0.0000000e+00 
 0.0000000e+00 
 0.0000000e+00 
 0.0000000e+00 
 0.0000000e+00 
 0.0000000e+00 
 0.0000000e+00 
 0.0000000e+00 
 0.0000000e+00 
 0.0000000e+00 
 0.0000000e+00 
 0.0000000e+00 
 0.0000000e+00 
 0.0000000e+00 
 0.0000000e+00 
 0.0000000e+00 
 0.0000000e+00 
 0.0000000e+00 
 0.0000000e+00 
 0.0000000e+00 
 0.0000000e+00 
 0.0000000e+00 
 0.0000000e+00 
 0.0000000e+00 
 0.0000000e+00 
 0.0000000e+00 
 0.0000000e+00 
 0.0000000e+00 
 0.0000000e+00 
 0.0000000e+00 
 0.0000000e+00 
 0.0000000e+00 
 0.0000000e+00 
 0.0000000e+00 
 0.0000000e+00 
 0.0000000e+00 
 0.0000000e+00 
 0.0000000e+00 
 0.0000000e+00 
 0.0000000e+00 
 0.0000000e+00 
 0.0000000e+00 
 0.0000000e+00 
 0.0000000e+00 
 0.0000000e+00 
 0.0000000e+00 
 0.0000000e+00 
 0.0000000e+00 
 0.0000000e+00 
 0.0000000e+00 
 0.0000000e+00 
 0.0000000e+00 
 0.0000000e+00 
 0.0000000e+00 
 0.0000000e+00 
 0.0000000e+00 
 0.0000000e+00 
 0.0000000e+00 
 0.0000000e+00 
 0.0000000e+00 
 0.0000000e+00 
 0.0000000e+00 
 0.0000000e+00 
 0.0000000e+00 
 0.0000000e+00 
 0.0000000e+00 
 0.0000000e+00 
 0.0000000e+00 
 0.0000000e+00 
 0.0000000e+00 
 0.0000000e+00 
 0.0000000e+00 
 0.0000000e+00 
 0.0000000e+00 
 0.0000000e+00 
 0.0000000e+00 
 0.0000000e+00 
 0.0000000e+00 
 0.0000000e+00 
 0.0000000e+00 
 0.0000000e+00 
 0.0000000e+00 
 0.0000000e+00 
 0.0000000e+00 
 0.0000000e+00 
 0.0000000e+00 
 0.0000000e+00 
 0.0000000e+00 
 0.0000000e+00 
 0.0000000e+00 
 0.0000000e+00 
 0.0000000e+00 
 0.0000000e+00 
 0.0000000e+00 
 0.0000000e+00 
 0.0000000e+00 
 0.0000000e+00 
 0.0000000e+00 
 0.0000000e+00 
 0.0000000e+00 
 0.0000000e+00 
 0.0000000e+00 
 0.0000000e+00 
 0.0000000e+00 
 0.0000000e+00 
 0.0000000e+00 
 0.0000000e+00 
 0.0000000e+00 
 0.0000000e+00 
 0.0000000e+00 
 0.0000000e+00 
 0.0000000e+00 
 0.0000000e+00 
 0.0000000e+00 
 0.0000000e+00 
 0.0000000e+00 
 0.0000000e+00 
 0.0000000e+00 
 0.0000000e+00 
 0.0000000e+00 
 0.0000000e+00 
 0.0000000e+00 
 0.0000000e+00 
 0.0000000e+00 
 0.0000000e+00 
 0.0000000e+00 
 0.0000000e+00 
 0.0000000e+00 
 0.0000000e+00 
 0.0000000e+00 
 0.0000000e+00 
 0.0000000e+00 
 0.0000000e+00 
 0.0000000e+00 
 0.0000000e+00 
 0.0000000e+00 
 0.0000000e+00 
 0.0000000e+00 
 0.0000000e+00 
 0.0000000e+00 
 0.0000000e+00 
 0.0000000e+00 
 0.0000000e+00 
 0.0000000e+00 
 0.0000000e+00 
 0.0000000e+00 
 0.0000000e+00 
 0.0000000e+00 
 0.0000000e+00 
 0.0000000e+00 
 0.0000000e+00 
 0.0000000e+00 
 0.0000000e+00 
 0.0000000e+00 
 0.0000000e+00 
 0.0000000e+00 
 0.0000000e+00 
 0.0000000e+00 
 0.0000000e+00 
 0.0000000e+00 
 0.0000000e+00 
 0.0000000e+00 
 0.0000000e+00 
 0.0000000e+00 
 0.0000000e+00 
 0.0000000e+00 
 0.0000000e+00 
 0.0000000e+00 
 0.0000000e+00 
 0.0000000e+00 
 0.0000000e+00 
 0.0000000e+00 
 0.0000000e+00 
 0.0000000e+00 
 0.0000000e+00 
 0.0000000e+00 
 0.0000000e+00 
 0.0000000e+00 
 0.0000000e+00 
 0.0000000e+00 
 0.0000000e+00 
 0.0000000e+00 
 0.0000000e+00 
 0.0000000e+00 
 0.0000000e+00 
 0.0000000e+00 
 0.0000000e+00 
 0.0000000e+00 
 0.0000000e+00 
 0.0000000e+00 
 0.0000000e+00 
 0.0000000e+00 
 0.0000000e+00 
 0.0000000e+00 
 0.0000000e+00 
 0.0000000e+00 
 0.0000000e+00 
 0.0000000e+00 
 0.0000000e+00 
 0.0000000e+00 
 0.0000000e+00 
 0.0000000e+00 
 0.0000000e+00 
 0.0000000e+00 
 0.0000000e+00 
 0.0000000e+00 
 0.0000000e+00 
 0.0000000e+00 
 0.0000000e+00 
 0.0000000e+00 
 0.0000000e+00 
 0.0000000e+00 
 0.0000000e+00 
 0.0000000e+00 
 0.0000000e+00 
 0.0000000e+00 
 0.0000000e+00 
 0.0000000e+00 
 0.0000000e+00 
 0.0000000e+00 
 0.0000000e+00 
 0.0000000e+00 
 0.0000000e+00 
 0.0000000e+00 
 0.0000000e+00 
 0.0000000e+00 
 0.0000000e+00 
 0.0000000e+00 
 0.0000000e+00 
 0.0000000e+00 
 0.0000000e+00 
 0.0000000e+00 
 0.0000000e+00 
 0.0000000e+00 
 0.0000000e+00 
 0.0000000e+00 
 0.0000000e+00 
 0.0000000e+00 
 0.0000000e+00 
 0.0000000e+00 
 0.0000000e+00 
 0.0000000e+00 
 0.0000000e+00 
 0.0000000e+00 
 0.0000000e+00 
 0.0000000e+00 
 0.0000000e+00 
 0.0000000e+00 
 0.0000000e+00 
 0.0000000e+00 
 0.0000000e+00 
 0.0000000e+00 
 0.0000000e+00 
 0.0000000e+00 
 0.0000000e+00 
 0.0000000e+00 
 0.0000000e+00 
 0.0000000e+00 
 0.0000000e+00 
 0.0000000e+00 
 0.0000000e+00 
 0.0000000e+00 
 0.0000000e+00 
 0.0000000e+00 
 0.0000000e+00 
 0.0000000e+00 
 0.0000000e+00 
 0.0000000e+00 
 0.0000000e+00 
 0.0000000e+00 
 0.0000000e+00 
 0.0000000e+00 
 0.0000000e+00 
 0.0000000e+00 
 0.0000000e+00 
 0.0000000e+00 
 0.0000000e+00 
 0.0000000e+00 
 0.0000000e+00 
 0.0000000e+00 
 0.0000000e+00 
 0.0000000e+00 
 0.0000000e+00 
 0.0000000e+00 
 0.0000000e+00 
 0.0000000e+00 
 0.0000000e+00 
 0.0000000e+00 
 0.0000000e+00 
 0.0000000e+00 
 0.0000000e+00 
 0.0000000e+00 
 0.0000000e+00 
 0.0000000e+00 
 0.0000000e+00 
 0.0000000e+00 
 0.0000000e+00 
 0.0000000e+00 
 0.0000000e+00 
 0.0000000e+00 
 0.0000000e+00 
 0.0000000e+00 
 0.0000000e+00 
 0.0000000e+00 
 0.0000000e+00 
 0.0000000e+00 
 0.0000000e+00 
 0.0000000e+00 
 0.0000000e+00 
 0.0000000e+00 
 0.0000000e+00 
 0.0000000e+00 
 0.0000000e+00 
 0.0000000e+00 
 0.0000000e+00 
 0.0000000e+00 
 0.0000000e+00 
 0.0000000e+00 
 0.0000000e+00 
 0.0000000e+00 
 0.0000000e+00 
 0.0000000e+00 
 0.0000000e+00 
 0.0000000e+00 
 0.0000000e+00 
 0.0000000e+00 
 0.0000000e+00 
 0.0000000e+00 
 0.0000000e+00 
 0.0000000e+00 
 0.0000000e+00 
 0.0000000e+00 
 0.0000000e+00 
 0.0000000e+00 
 0.0000000e+00 
 0.0000000e+00 
 0.0000000e+00 
 0.0000000e+00 
 0.0000000e+00 
 0.0000000e+00 
 0.0000000e+00 
 0.0000000e+00 
 0.0000000e+00 
 0.0000000e+00 
 0.0000000e+00 
 0.0000000e+00 
 0.0000000e+00 
 0.0000000e+00 
 0.0000000e+00 
 0.0000000e+00 
 0.0000000e+00 
 0.0000000e+00 
 0.0000000e+00 
 0.0000000e+00 
 0.0000000e+00 
 0.0000000e+00 
 0.0000000e+00 
 0.0000000e+00 
 0.0000000e+00 
 0.0000000e+00 
 0.0000000e+00 
 0.0000000e+00 
 0.0000000e+00 
 0.0000000e+00 
 0.0000000e+00 
 0.0000000e+00 
 0.0000000e+00 
 0.0000000e+00 
 0.0000000e+00 
 0.0000000e+00 
 0.0000000e+00 
 0.0000000e+00 
 0.0000000e+00 
 0.0000000e+00 
 0.0000000e+00 
 0.0000000e+00 
 0.0000000e+00 
 0.0000000e+00 
 0.0000000e+00 
 0.0000000e+00 
 0.0000000e+00 
 0.0000000e+00 
 0.0000000e+00 
 0.0000000e+00 
 0.0000000e+00 
 0.0000000e+00 
 0.0000000e+00 
 0.0000000e+00 
 0.0000000e+00 
 0.0000000e+00 
 0.0000000e+00 
 0.0000000e+00 
 0.0000000e+00 
 0.0000000e+00 
 0.0000000e+00 
 0.0000000e+00 
 0.0000000e+00 
 0.0000000e+00 
 0.0000000e+00 
 0.0000000e+00 
 0.0000000e+00 
 0.0000000e+00 
 0.0000000e+00 
 0.0000000e+00 
 0.0000000e+00 
 0.0000000e+00 
 0.0000000e+00 
 0.0000000e+00 
 0.0000000e+00 
 0.0000000e+00 
 0.0000000e+00 
 0.0000000e+00 
 0.0000000e+00 
 0.0000000e+00 
 0.0000000e+00 
 0.0000000e+00 
 0.0000000e+00 
 0.0000000e+00 
 0.0000000e+00 
 0.0000000e+00 
 0.0000000e+00 
 0.0000000e+00 
 0.0000000e+00 
 0.0000000e+00 
 0.0000000e+00 
 0.0000000e+00 
 0.0000000e+00 
 0.0000000e+00 
 0.0000000e+00 
 0.0000000e+00 
 0.0000000e+00 
 0.0000000e+00 
 0.0000000e+00 
 0.0000000e+00 
 0.0000000e+00 
 0.0000000e+00 
 0.0000000e+00 
 0.0000000e+00 
 0.0000000e+00 
 0.0000000e+00 
 0.0000000e+00 
 0.0000000e+00 
 0.0000000e+00 
 0.0000000e+00 
