 2.0884850e-03 
 1.3969880e-03 
 2.4236370e-03 
 6.0698790e-04 
 2.4951530e-03 
 1.2010870e-03 
 1.8101920e-04 
 9.1169760e-04 
 1.1407010e-04 
 2.7845560e-04 
 1.0444860e-03 
 4.4342930e-04 
 6.5618180e-04 
 1.8877670e-03 
 2.6788880e-03 
 1.6382560e-03 
 2.5542630e-03 
 7.8020880e-04 
 2.1790560e-03 
 3.0667370e-03 
 9.7840040e-04 
 1.5370670e-03 
 1.2296810e-03 
 3.7584600e-04 
 3.6645250e-04 
 4.4437060e-04 
 7.7951420e-04 
 1.5783530e-03 
 2.2526880e-03 
 2.7894670e-03 
 2.8532140e-03 
 5.7391730e-04 
 9.3426660e-04 
 8.9248560e-04 
 6.4963620e-04 
 5.0405850e-04 
 8.1077220e-04 
 2.7901890e-03 
 6.0609980e-03 
 7.0452890e-03 
 3.5094280e-03 
 2.8705800e-03 
 7.4143100e-04 
 1.7391720e-03 
 3.2178020e-03 
 2.5664940e-03 
 2.2734540e-03 
 5.8561770e-04 
 1.2302590e-04 
 2.1696020e-04 
 3.8741860e-04 
 5.4326540e-05 
 3.7215280e-04 
 1.4321680e-03 
 6.0991050e-03 
 3.2186920e-03 
 1.7663950e-03 
 5.0513450e-04 
 6.2209980e-04 
 8.6038850e-04 
 1.0739860e-03 
 3.4068520e-03 
 1.8184010e-02 
 2.3972090e-02 
 9.1574550e-03 
 8.8507350e-03 
 3.2748440e-03 
 1.3985710e-03 
 1.8869590e-03 
 4.6983990e-03 
 2.0438660e-03 
 8.9958640e-04 
 1.1008850e-04 
 1.5355670e-04 
 2.7059980e-04 
 3.1886360e-04 
 2.6562750e-04 
 6.4662510e-05 
 2.5403170e-04 
 1.4556560e-03 
 1.3306490e-03 
 9.3422670e-04 
 3.7637500e-04 
 1.1058190e-04 
 4.4325420e-04 
 6.6974040e-04 
 4.1378910e-03 
 4.0037030e-02 
 8.3727820e-03 
 9.2917670e-03 
 6.8025810e-03 
 5.7094500e-03 
 2.3491300e-03 
 1.6712870e-03 
 1.9400350e-03 
 6.3117550e-04 
 1.9287200e-04 
 9.1522400e-05 
 2.9096830e-04 
 6.5675160e-04 
 6.0821640e-04 
 2.6225900e-04 
 2.9083650e-04 
 1.2008330e-05 
 2.2860570e-04 
 4.9914290e-04 
 3.0273050e-04 
 1.4319790e-04 
 1.2868260e-04 
 7.6424800e-05 
 7.4041360e-04 
 4.8596130e-03 
 2.4155570e-02 
 3.0905790e-02 
 7.4815120e-03 
 7.5468380e-03 
 2.6719750e-03 
 4.4095890e-03 
 2.2921710e-03 
 6.5918020e-04 
 2.0052530e-04 
 3.0528540e-05 
 2.1220060e-04 
 3.9941130e-04 
 1.6792200e-04 
 3.5040640e-03 
 5.6797230e-04 
 1.5831460e-04 
 1.3521330e-04 
 2.1376330e-04 
 9.7279750e-05 
 2.7425570e-04 
 1.0349480e-04 
 1.6756000e-04 
 1.2768410e-04 
 1.8017820e-04 
 1.4141470e-03 
 5.9211600e-03 
 9.2028280e-03 
 1.3245580e-02 
 5.8287850e-03 
 4.8216080e-03 
 4.0031860e-03 
 1.1154250e-03 
 3.7100810e-04 
 2.1828920e-05 
 1.8615740e-04 
 1.0943150e-04 
 1.5824290e-04 
 3.2751410e-04 
 1.9956590e-02 
 2.1456090e-03 
 2.8393780e-04 
 8.9254500e-05 
 9.7689220e-05 
 4.5770040e-05 
 1.5419240e-04 
 8.5474200e-05 
 1.0476850e-04 
 2.2189970e-04 
 3.9115640e-04 
 4.5824260e-04 
 1.4131030e-03 
 2.4388900e-03 
 5.1102410e-03 
 3.9423660e-03 
 3.2532260e-03 
 1.6496740e-03 
 5.2198410e-04 
 1.0460460e-04 
 2.3044340e-04 
 1.8913890e-04 
 4.7149280e-04 
 5.1738230e-05 
 2.8718700e-04 
 1.5741300e-02 
 1.2930450e-03 
 1.0940230e-04 
 8.5168820e-05 
 2.3804510e-04 
 1.6102120e-05 
 1.4708330e-04 
 1.8435870e-04 
 1.4696350e-04 
 2.0708820e-04 
 1.7379160e-04 
 2.5204250e-04 
 4.5094800e-04 
 6.7517240e-04 
 9.7223110e-04 
 1.0625260e-03 
 8.8915010e-04 
 6.1706090e-04 
 4.9019500e-05 
 1.5918920e-04 
 5.1304110e-04 
 8.0886960e-04 
 2.1989320e-03 
 3.2489900e-04 
 2.3788930e-04 
 3.4661330e-03 
 5.4169480e-04 
 1.1875070e-04 
 2.3315060e-04 
 1.3524540e-04 
 3.6472260e-04 
 4.1834480e-05 
 6.6982860e-05 
 1.0291220e-04 
 2.5427320e-05 
 1.5417130e-04 
 5.5248960e-05 
 2.3867890e-04 
 2.5083270e-04 
 2.6289260e-04 
 2.3544830e-04 
 5.7299780e-04 
 1.3247120e-04 
 7.2389350e-04 
 1.1672410e-03 
 2.4220470e-03 
 4.4988310e-03 
 9.3413030e-03 
 1.9959200e-03 
 5.5978540e-04 
 1.5398840e-03 
 3.5541000e-04 
 2.2056300e-04 
 4.3953660e-04 
 8.3351620e-05 
 1.6054980e-04 
 2.5958740e-04 
 2.4632280e-04 
 2.0902640e-04 
 8.2555150e-05 
 1.9602820e-04 
 1.0854700e-04 
 7.2931420e-05 
 1.2338370e-04 
 2.0749490e-04 
 2.8485900e-04 
 1.8289330e-04 
 1.8747720e-03 
 3.8538120e-03 
 7.6006720e-03 
 1.2570660e-02 
 9.7048760e-02 
 4.2943470e-02 
 3.7870680e-03 
 1.0802260e-03 
 9.1371200e-04 
 2.5321420e-04 
 1.7345400e-04 
 1.6259400e-04 
 2.0757860e-04 
 2.1298120e-04 
 2.1897490e-04 
 1.6367240e-04 
 2.8589180e-04 
 1.8639240e-04 
 1.8698630e-04 
 1.4938440e-04 
 1.9358320e-04 
 1.6897100e-04 
 4.5011370e-04 
 2.8495420e-04 
 2.1120420e-03 
 1.1948320e-02 
 2.4539610e-02 
 1.7922490e-02 
 1.2717370e-02 
 2.7555160e-01 
 5.5439530e-02 
 6.6817580e-03 
 1.9694740e-03 
 4.5048170e-04 
 2.8024660e-04 
 1.4300600e-04 
 2.2558050e-04 
 8.4683350e-05 
 9.4373470e-05 
 1.8918730e-04 
 2.5455250e-04 
 2.6791550e-04 
 2.6716050e-04 
 1.3751780e-04 
 1.9711080e-04 
 6.3761290e-05 
 2.1433250e-04 
 2.1570060e-04 
 1.6416880e-03 
 1.0043860e-02 
 1.2768750e-01 
 2.7230960e-02 
 1.5083540e-02 
 1.4239840e-02 
 2.9324960e-01 
 2.9747370e-02 
 4.8215570e-03 
 1.8361830e-03 
 1.5949750e-04 
 2.0279320e-04 
 2.1821860e-04 
 2.4109450e-04 
 1.3893200e-04 
 3.9335500e-04 
 1.3263250e-04 
 3.7055920e-04 
 2.7243590e-04 
 1.1974810e-04 
 4.2138880e-04 
 6.0593910e-05 
 2.0654330e-04 
 1.7714590e-04 
 2.7145040e-04 
 2.7239870e-03 
 3.2873700e-02 
 2.4325810e-02 
 1.9424040e-02 
 5.6946860e-03 
 3.9416660e-02 
 7.9142810e-02 
 1.2647180e-02 
 2.6602080e-03 
 1.0213480e-03 
 1.4848800e-05 
 6.4305550e-05 
 1.9672460e-04 
 4.1382430e-04 
 9.4932890e-05 
 1.2956670e-04 
 2.8261660e-04 
 4.9134660e-05 
 1.5641210e-04 
 2.3460300e-04 
 1.3264920e-04 
 1.0189490e-04 
 2.1062800e-04 
 1.2071280e-04 
 9.6741760e-04 
 8.8316040e-03 
 1.1236640e-01 
 2.0671820e-02 
 1.3512160e-02 
 2.0756880e-03 
 1.3247950e-02 
 2.8933920e-02 
 7.6714190e-03 
 1.6456650e-03 
 2.9366200e-04 
 4.5018960e-05 
 1.9798410e-04 
 2.6270150e-05 
 2.5430090e-04 
 2.7330510e-04 
 1.1211200e-05 
 6.6148170e-05 
 4.0490100e-05 
 1.2184430e-04 
 2.1867260e-04 
 3.2256950e-04 
 3.7463590e-04 
 1.1899510e-03 
 1.7749270e-03 
 4.5264110e-03 
 2.4339500e-02 
 2.1052730e-01 
 4.0674140e-02 
 4.1212880e-03 
 2.2958600e-03 
 7.2325550e-03 
 9.8737460e-03 
 3.3516090e-03 
 5.8632810e-04 
 5.3417160e-04 
 4.1653100e-04 
 2.3119610e-04 
 2.0485440e-04 
 2.3322720e-04 
 2.5704280e-04 
 5.1300430e-05 
 1.0031570e-04 
 1.1759680e-04 
 9.4748490e-05 
 2.1576280e-05 
 2.1903790e-04 
 1.1830510e-03 
 6.2974910e-03 
 2.6750790e-02 
 9.4598470e-02 
 5.3882030e-01 
 9.4186880e-02 
 8.1089560e-02 
 7.4847920e-03 
 1.0144140e-03 
 1.6854780e-03 
 2.7528370e-03 
 1.3185140e-03 
 4.7520410e-04 
 3.6888660e-04 
 4.7129450e-04 
 2.7656480e-04 
 2.9819420e-04 
 2.9958220e-04 
 2.5458710e-04 
 4.9178930e-05 
 1.4069180e-04 
 1.6728520e-04 
 3.1047730e-05 
 1.6523640e-04 
 2.1498890e-04 
 1.2366820e-03 
 3.3897550e-02 
 1.4486840e+00 
 8.1472540e-01 
 4.9534700e-02 
 1.9924800e-01 
 2.7341190e-02 
 3.3878770e-03 
 2.3606840e-03 
 2.6075010e-03 
 3.0056800e-03 
 8.3545480e-04 
 3.0795070e-05 
 7.6898760e-05 
 4.1647440e-04 
 1.2908940e-04 
 2.7772700e-04 
 2.3793210e-04 
 2.8269910e-04 
 1.7573820e-04 
 4.7212300e-05 
 8.6575850e-05 
 6.3309490e-05 
 1.7001320e-04 
 3.4774280e-04 
 2.2788460e-03 
 2.3450380e-02 
 4.8759560e-01 
 9.4699830e-01 
 1.2148510e-01 
 1.1646690e-01 
 2.1604910e-02 
 2.2593830e-03 
 2.2063280e-03 
 2.3219750e-03 
 7.5058530e-04 
 5.9866170e-04 
 6.1375560e-04 
 2.5543890e-04 
 1.4847130e-04 
 1.6718410e-04 
 6.1516560e-05 
 1.5965050e-04 
 1.5226520e-04 
 1.8046990e-04 
 1.2747800e-04 
 1.0156710e-04 
 6.9101750e-05 
 7.4629590e-05 
 1.9440790e-04 
 1.2995190e-03 
 8.9010600e-03 
 1.4854080e-01 
 1.8814770e-01 
 2.2093250e-01 
 2.4291210e-02 
 4.5464740e-03 
 6.1628350e-03 
 5.0753450e-03 
 2.2897440e-03 
 8.0390950e-04 
 1.0071460e-03 
 3.0753040e-04 
 3.9612300e-04 
 1.4667780e-04 
 2.8483500e-05 
 1.3237620e-04 
 5.8921130e-05 
 2.5377210e-04 
 9.6616400e-05 
 2.7906970e-04 
 3.3416150e-05 
 5.6445780e-05 
 2.8446960e-05 
 3.8936400e-04 
 1.3477000e-03 
 3.7020710e-03 
 1.6145700e-02 
 5.4975050e-02 
 1.7665460e-02 
 4.1007820e-03 
 5.1780780e-03 
 5.2697080e-02 
 3.0737710e-02 
 3.6094350e-03 
 1.2177210e-03 
 7.0450120e-04 
 1.7230000e-04 
 7.0836440e-04 
 3.2264800e-04 
 2.1839630e-04 
 1.0668220e-04 
 8.7898940e-05 
 8.6583290e-05 
 2.7472500e-04 
 1.3296700e-05 
 2.8039530e-04 
 3.9663650e-05 
 2.8454590e-04 
 2.0524060e-04 
 5.2504680e-04 
 8.1310640e-04 
 1.9080770e-03 
 4.2401390e-03 
 1.3888530e-03 
 5.0733100e-03 
 6.2480660e-02 
 1.1008990e-01 
 4.3079940e-02 
 4.5896170e-03 
 1.1102590e-03 
 2.4762570e-04 
 1.4261740e-04 
 4.3939220e-04 
 3.9847570e-04 
 1.8017470e-04 
 9.7050280e-05 
 9.7288900e-05 
 1.5804820e-04 
 3.1629000e-05 
 2.2483720e-04 
 7.3235450e-05 
 1.0578550e-04 
 1.4546320e-04 
 2.1065580e-04 
 8.5754510e-04 
 4.6144090e-03 
 3.0458040e-03 
 1.9560410e-03 
 6.6802520e-03 
 3.8885620e-02 
 6.2643060e-01 
 2.4427060e-01 
 3.0872770e-02 
 3.2084610e-03 
 8.2927060e-04 
 2.7393730e-04 
 1.0520200e-04 
 2.8783590e-04 
 4.0452830e-04 
 9.4715970e-05 
 7.9331510e-05 
 2.4205510e-04 
 3.2541260e-05 
 1.2098830e-04 
 3.4858440e-05 
 6.1135170e-05 
 1.7028810e-04 
 7.0024610e-05 
 7.1680070e-04 
 4.6756310e-03 
 1.3970920e-01 
 3.7103340e-02 
 4.1927500e-02 
 4.9506130e-02 
 1.2782610e-01 
 2.1269250e-01 
 5.6112800e-01 
 1.9095050e-02 
 2.2479590e-03 
 6.3025340e-04 
 4.0354150e-04 
 1.9801350e-04 
 2.1328060e-04 
 1.8417520e-04 
 1.5586860e-04 
 7.0563250e-05 
 2.1336050e-04 
 1.5660800e-04 
 2.4391500e-04 
 1.5613790e-04 
 2.9354700e-04 
 2.6919680e-04 
 7.4225130e-04 
 1.5911760e-03 
 8.3429340e-03 
 2.0638220e-01 
 3.8861000e+00 
 2.7918070e-01 
 5.9802540e-01 
 7.0216760e-02 
 2.9446970e-01 
 2.5277400e-01 
 5.2852420e-03 
 2.5105650e-04 
 6.9787300e-04 
 3.3383360e-04 
 2.7943060e-04 
 4.3807530e-04 
 2.2876570e-04 
 1.9494180e-04 
 1.2659110e-04 
 3.8637470e-05 
 1.2009530e-04 
 9.9399020e-05 
 3.5500670e-04 
 3.1872920e-04 
 3.5229840e-04 
 2.7209920e-04 
 1.8098810e-03 
 1.7038490e-02 
 8.5858240e-02 
 2.1721420e-01 
 3.6899590e-02 
 5.5444710e-02 
 4.8782100e-02 
 1.9294350e-01 
 1.1473850e-02 
 1.4040190e-03 
 5.3223400e-05 
 9.5796370e-04 
 4.9752420e-04 
 1.7738040e-04 
 2.7121000e-04 
 3.6758360e-05 
 5.0636030e-05 
 1.1504290e-04 
 1.1869190e-04 
 3.0337460e-04 
 1.0818820e-03 
 4.8024670e-04 
 6.1199030e-04 
 3.8215280e-04 
 3.4031970e-04 
 1.2883490e-03 
 9.0452010e-03 
 6.8040190e-02 
 6.8760180e-02 
 1.0523660e-02 
 5.5399860e-02 
 4.3940030e-01 
 2.0971610e-02 
 3.5904400e-03 
 9.7067510e-04 
 3.9532450e-04 
 3.2746860e-04 
 3.4440210e-04 
 1.0659040e-04 
 2.0148150e-04 
 2.3120720e-04 
 7.3417430e-05 
 1.0468860e-04 
 3.8122670e-04 
 3.9921570e-03 
 1.2563550e-02 
 2.2038330e-03 
 3.4978010e-04 
 1.7229800e-04 
 4.9743600e-04 
 1.9559450e-03 
 8.2883210e-03 
 1.0936070e-01 
 2.5370380e-01 
 5.3370000e-02 
 4.6393700e+00 
 6.3563770e-02 
 5.7253090e-03 
 1.0739170e-03 
 1.5515500e-04 
 1.9021930e-04 
 1.2915470e-04 
 8.6429520e-05 
 1.2959260e-04 
 5.0400140e-05 
 1.1976490e-04 
 7.8046560e-05 
 2.7897240e-04 
 2.5901530e-03 
 8.9065580e-02 
 1.0011000e+01 
 2.4285380e-02 
 2.1133030e-03 
 2.2753090e-04 
 7.6336070e-04 
 1.5498530e-03 
 7.5457510e-03 
 1.3301930e-01 
 1.5311690e-01 
 5.7328280e-02 
 4.8880940e-01 
 5.1268030e-02 
 5.5253500e-03 
 7.9135510e-04 
 4.9594540e-05 
 4.6849070e-04 
 1.6221550e-04 
 1.3475210e-04 
 5.0554500e-05 
 2.2564120e-04 
 4.5143250e-04 
 2.4652560e-04 
 3.3365880e-04 
 3.9249810e-03 
 6.9499300e-02 
 3.4703960e-02 
 2.6856530e-02 
 3.8934130e-03 
 4.3612760e-04 
 7.8863750e-04 
 1.5678110e-03 
 6.0912540e-03 
 1.7485370e-01 
 1.9006860e-01 
 1.6124370e-01 
 4.4063370e-01 
 3.1044820e-02 
 2.4448180e-03 
 6.3678770e-04 
 4.8654930e-04 
 2.7239990e-04 
 3.2728710e-04 
 3.3004450e-04 
 1.6289160e-04 
 2.9316310e-04 
 4.4518140e-04 
 4.7310370e-05 
 1.2268040e-03 
 1.0170180e-02 
 8.8661470e-02 
 2.0546950e-01 
 2.5208610e-02 
 4.6059460e-03 
 1.5812300e-03 
 7.6936470e-04 
 8.7600150e-04 
 1.6729730e-03 
 8.7208630e-03 
 2.3152340e-02 
 4.2089120e-02 
 5.8369520e-02 
 5.7819970e-03 
 1.0894060e-03 
 5.9599040e-04 
 1.3769180e-04 
 1.5029110e-04 
 2.4725490e-04 
 2.1356760e-04 
 1.3326240e-04 
 5.1095630e-04 
 3.6872760e-04 
 1.7498520e-04 
 1.0890870e-03 
 9.4359990e-03 
 3.2096240e-02 
 3.8389530e-02 
 1.4895750e-02 
 3.7050350e-03 
 1.1619250e-03 
 3.3199730e-04 
 3.6684940e-04 
 6.0968230e-04 
 1.1820800e-03 
 2.0137760e-03 
 3.4662100e-03 
 3.2503950e-03 
 1.2191490e-03 
 5.5283010e-04 
 3.2690000e-04 
 2.7522160e-04 
 3.5844070e-04 
 4.1951360e-04 
 6.6956540e-05 
 2.2976780e-04 
 1.4268380e-04 
 1.2184190e-04 
 1.1391630e-04 
 6.6392440e-04 
 3.6113870e-03 
 8.6537880e-03 
 4.9700070e-02 
 9.3493710e-03 
 1.6573470e-03 
 6.0115470e-04 
 1.7188130e-04 
 1.5063340e-04 
 3.7394570e-04 
 3.5095960e-04 
 2.7051260e-04 
 4.8125220e-04 
 5.1979520e-04 
 5.0323330e-04 
 8.1234050e-04 
 2.4922870e-04 
 4.8071930e-04 
 1.5713240e-03 
 3.9228910e-03 
 3.0807890e-03 
 1.6686590e-04 
 8.9288040e-04 
 4.7019870e-04 
 1.4807810e-04 
 7.1838250e-04 
 1.4458880e-03 
 2.1926470e-03 
 5.1044410e-03 
 1.3695950e-03 
 4.2906050e-04 
 3.6066780e-04 
 8.9251370e-05 
 9.1301520e-05 
 6.9326510e-05 
 9.6955550e-05 
 2.6621990e-04 
 8.3430590e-05 
 1.3319310e-04 
 3.3136830e-04 
 5.0530370e-04 
 7.6290780e-04 
 1.2325840e-03 
 1.1378470e-02 
 3.3575450e-01 
 5.3666950e-02 
 2.8849140e-03 
 2.9561520e-04 
 1.0588400e-03 
 2.9535410e-04 
 7.7582890e-04 
 1.7987280e-03 
 1.5502130e-03 
 9.5391160e-04 
 3.2112150e-04 
 2.7374190e-04 
 9.3333940e-05 
 1.5715910e-04 
 1.9126850e-04 
 1.4571150e-04 
 1.2418390e-04 
 1.8957120e-04 
 1.9805050e-04 
 2.1197270e-04 
 2.3419070e-04 
 4.1500350e-04 
 4.6800740e-04 
 2.6337050e-03 
 5.3333320e-02 
 5.1002270e+00 
 4.9415440e+00 
 9.3079710e-03 
 1.7629680e-03 
 8.8618660e-04 
 3.3936530e-04 
 4.1821870e-04 
 8.7184920e-04 
 6.3403620e-04 
 9.3941630e-04 
 4.0731770e-04 
 3.1178770e-04 
 3.2127140e-05 
 2.0620070e-04 
 1.9286050e-04 
 3.2420880e-04 
 1.4962960e-04 
 9.3321540e-05 
 2.3227440e-04 
 3.3365260e-04 
 6.3197160e-05 
 4.7696180e-04 
 6.4090950e-04 
 4.2425840e-03 
 1.6435550e-01 
 1.0011000e+01 
 9.6363650e-01 
 8.2323750e-03 
 1.6541230e-03 
 1.0781970e-03 
 4.2360160e-04 
 3.4428890e-04 
 9.9257310e-04 
 6.0629960e-04 
 4.6262700e-04 
 2.8168940e-04 
 1.2528860e-04 
 1.2074230e-04 
 3.2369150e-04 
 1.1893110e-04 
 2.1797210e-04 
 3.1914610e-04 
 2.5448420e-04 
 1.1299300e-04 
 2.3256640e-04 
 2.9619020e-04 
 2.9196660e-04 
 3.7759620e-04 
 1.9035310e-03 
 1.9916750e-02 
 1.3112600e-01 
 7.8048420e-02 
 5.1597200e-03 
 1.3271790e-03 
 1.0982960e-03 
 3.2612460e-04 
 4.5219030e-04 
 7.7929690e-04 
 4.6409280e-04 
 5.1343370e-04 
 2.1588850e-04 
 2.0869700e-04 
 6.1090210e-05 
 2.6505510e-04 
 1.1098970e-04 
 2.5858110e-04 
 2.4310770e-04 
 1.7597110e-04 
 9.5903870e-05 
 9.0655990e-05 
 2.3683820e-04 
 1.5372070e-04 
 1.8809530e-04 
 3.3340860e-04 
 2.3347490e-03 
 1.0931660e-02 
 7.2461030e-03 
 1.8268550e-03 
 6.9299710e-04 
 4.1110930e-04 
 2.0784920e-04 
 3.2546010e-04 
 4.9084820e-04 
 1.1061970e-03 
 5.8527060e-04 
 6.8682690e-05 
 1.8609440e-04 
 1.9790290e-04 
 1.1546680e-04 
 2.2139180e-04 
 2.1666110e-04 
 1.4837110e-04 
 6.0565730e-05 
 2.5017890e-04 
 8.1108280e-05 
 1.8150180e-04 
 1.5522250e-04 
 2.2941780e-04 
 1.1144520e-04 
 5.9687360e-04 
 2.2248620e-03 
 1.8396000e-03 
 2.0755750e-03 
 1.2171280e-03 
 5.5857670e-04 
 1.2757360e-04 
 4.0437420e-04 
 1.0907320e-03 
 4.6740810e-03 
 2.3113000e-03 
 9.3306200e-04 
 3.3683650e-04 
 1.4182750e-04 
 1.2487440e-04 
 2.0163630e-04 
 6.5180260e-05 
 7.8215060e-05 
 2.4526600e-04 
 1.2645740e-04 
 1.9456930e-04 
 6.0029800e-05 
 1.6449310e-04 
 1.2053480e-04 
 2.8779230e-04 
 6.9584390e-05 
 1.0135760e-03 
 2.7043830e-03 
 2.0671030e-03 
 1.6556190e-03 
 6.7152600e-04 
 3.1958030e-04 
 3.4377620e-04 
 4.2556730e-03 
 4.9534300e-02 
 3.2584720e-02 
 8.5451600e-03 
 3.2742410e-03 
 1.8079150e-03 
 9.4790240e-04 
 2.6286270e-04 
 1.3332680e-04 
 1.9649350e-04 
 1.1087070e-04 
 2.2593620e-04 
 2.5581360e-04 
 3.9191270e-04 
 3.9333590e-05 
 1.8011440e-04 
 1.6531520e-04 
 1.5968220e-04 
 1.3241100e-03 
 2.1058880e-03 
 1.3988600e-03 
 1.0574800e-03 
 1.7032550e-03 
 2.8631050e-04 
 1.9573210e-03 
 3.3836810e-02 
 1.7656980e+00 
 5.0727170e+00 
 5.0856110e-02 
 6.1057900e-02 
 5.4370130e-02 
 9.7554680e-03 
 3.0270190e-03 
 1.1961060e-03 
 1.0869510e-03 
 4.5635510e-04 
 3.9708870e-04 
 5.0758040e-04 
 6.5597050e-04 
 4.9193290e-04 
 1.0330360e-03 
 6.5208750e-04 
 5.3325130e-04 
 2.1776250e-03 
 8.9857550e-03 
 3.5627090e-03 
 1.3237910e-03 
 3.2291230e-03 
 4.4555700e-04 
 3.1535980e-03 
 1.0563320e-01 
 2.3062210e+00 
 0.0000000e+00 
 4.3662990e+00 
 3.8018640e-01 
 1.1706510e+00 
 4.7194280e-01 
 1.7070360e-01 
 1.4482810e-02 
 1.4059860e-02 
 7.0812460e-03 
 3.1223280e-03 
 2.6634750e-03 
 4.6483250e-03 
 6.3745120e-03 
 1.0137620e-02 
 7.4726320e-03 
 6.0761580e-03 
 8.0136590e-03 
 5.2122970e-02 
 1.0877140e-02 
 3.5034160e-03 
 2.3835050e-03 
 1.3013490e-04 
 4.8133440e-03 
 1.8407100e-01 
 6.0619160e-01 
 1.2333650e+00 
 4.8840400e-02 
 1.6669490e+00 
 0.0000000e+00 
 1.9716380e+00 
 2.9358470e+00 
 1.0011000e+01 
 4.1377370e+00 
 6.5402620e-01 
 2.8522280e-01 
 8.4705950e-02 
 6.3871270e-01 
 1.8910060e+00 
 0.0000000e+00 
 1.0011000e+01 
 2.4435160e+00 
 3.2097650e-01 
 6.1150510e-01 
 6.5207230e-03 
 8.6353080e-04 
 7.9072380e-04 
 3.2229380e-04 
 3.2578960e-03 
 1.3253050e-01 
 2.0248440e+00 
 2.2740610e-01 
 6.8401180e-01 
 0.0000000e+00 
 0.0000000e+00 
 1.0011000e+01 
 4.9547370e-01 
 0.0000000e+00 
 0.0000000e+00 
 0.0000000e+00 
 0.0000000e+00 
 4.2587260e+00 
 0.0000000e+00 
 0.0000000e+00 
 0.0000000e+00 
 5.4940690e-01 
 9.6343310e-01 
 2.4425210e+00 
 6.1419040e-01 
 1.6972430e-02 
 4.1155190e-03 
 3.4717190e-04 
 1.5318940e-04 
 4.2697500e-03 
 3.1986590e-01 
 0.0000000e+00 
 0.0000000e+00 
 4.9341900e-01 
 0.0000000e+00 
 2.8537260e-01 
 0.0000000e+00 
 0.0000000e+00 
 0.0000000e+00 
 0.0000000e+00 
 0.0000000e+00 
 0.0000000e+00 
 0.0000000e+00 
 1.3359170e+00 
 8.6700870e-01 
 0.0000000e+00 
 0.0000000e+00 
 0.0000000e+00 
 0.0000000e+00 
 1.3104910e+00 
 1.1086420e-02 
 2.4180860e-03 
 5.8545450e-04 
 5.5793330e-04 
 7.4401150e-03 
 1.0011000e+01 
 9.9396290e-01 
 1.3802430e+00 
 0.0000000e+00 
 0.0000000e+00 
 5.0242610e+00 
 0.0000000e+00 
 0.0000000e+00 
 0.0000000e+00 
 0.0000000e+00 
 0.0000000e+00 
 0.0000000e+00 
 0.0000000e+00 
 0.0000000e+00 
 0.0000000e+00 
 1.0011000e+01 
 0.0000000e+00 
 0.0000000e+00 
 8.6004110e-01 
 3.3539170e-01 
 9.9792040e-03 
 2.3601380e-03 
 4.5052030e-04 
 5.4349840e-04 
 6.9958310e-03 
 1.9818360e+00 
 8.4130360e-02 
 6.3321160e-01 
 0.0000000e+00 
 0.0000000e+00 
 0.0000000e+00 
 0.0000000e+00 
 0.0000000e+00 
 0.0000000e+00 
 4.0572680e-03 
 1.0011000e+01 
 0.0000000e+00 
 0.0000000e+00 
 0.0000000e+00 
 0.0000000e+00 
 4.4087980e-02 
 0.0000000e+00 
 0.0000000e+00 
 7.5626370e+00 
 2.2825390e-01 
 5.8108840e-03 
 1.4687550e-03 
 1.8274150e-03 
 1.2027000e-03 
 2.6734750e-02 
 0.0000000e+00 
 7.6752940e-01 
 6.0846990e-01 
 4.9341900e-01 
 4.9341900e-01 
 0.0000000e+00 
 0.0000000e+00 
 0.0000000e+00 
 0.0000000e+00 
 0.0000000e+00 
 4.0370770e-01 
 0.0000000e+00 
 1.0011000e+01 
 1.7095750e-01 
 0.0000000e+00 
 0.0000000e+00 
 0.0000000e+00 
 0.0000000e+00 
 0.0000000e+00 
 1.1505460e+00 
 9.2325660e-03 
 1.5325540e-03 
 9.1201040e-04 
 1.6717810e-03 
 2.8657420e-02 
 1.1661150e+00 
 1.7583440e+00 
 0.0000000e+00 
 3.7176800e-01 
 0.0000000e+00 
 0.0000000e+00 
 0.0000000e+00 
 0.0000000e+00 
 0.0000000e+00 
 0.0000000e+00 
 7.7682230e-01 
 1.0011000e+01 
 0.0000000e+00 
 1.0011000e+01 
 0.0000000e+00 
 0.0000000e+00 
 0.0000000e+00 
 0.0000000e+00 
 0.0000000e+00 
 2.9628870e-01 
 4.6208580e-03 
 2.0537900e-03 
 3.5743470e-04 
 3.2428030e-03 
 9.4940530e-02 
 0.0000000e+00 
 4.4879180e+00 
 1.0011000e+01 
 1.5080950e-01 
 0.0000000e+00 
 0.0000000e+00 
 0.0000000e+00 
 0.0000000e+00 
 0.0000000e+00 
 9.2462650e-02 
 0.0000000e+00 
 9.2729780e-02 
 0.0000000e+00 
 0.0000000e+00 
 0.0000000e+00 
 0.0000000e+00 
 0.0000000e+00 
 0.0000000e+00 
 0.0000000e+00 
 6.3270710e-01 
 5.8919110e-03 
 1.4265650e-03 
 1.3620670e-04 
 4.6532750e-03 
 2.1257580e-01 
 8.2047100e-01 
 2.1434090e+00 
 1.9653910e-01 
 0.0000000e+00 
 1.9980830e+00 
 0.0000000e+00 
 0.0000000e+00 
 6.3578950e-01 
 9.9021280e-01 
 1.0011000e+01 
 0.0000000e+00 
 0.0000000e+00 
 0.0000000e+00 
 4.9341900e-01 
 4.9341900e-01 
 0.0000000e+00 
 0.0000000e+00 
 0.0000000e+00 
 0.0000000e+00 
 5.4214340e-01 
 1.4327670e-02 
 3.5244090e-03 
 1.7577840e-03 
 1.0039300e-02 
 5.3883760e+00 
 5.9598940e-01 
 1.5104000e-01 
 1.4925920e+00 
 2.0850760e+00 
 1.8154780e-01 
 0.0000000e+00 
 0.0000000e+00 
 4.9341900e-01 
 6.3578950e-01 
 0.0000000e+00 
 0.0000000e+00 
 0.0000000e+00 
 8.0823380e-01 
 0.0000000e+00 
 0.0000000e+00 
 5.6674030e-04 
 0.0000000e+00 
 0.0000000e+00 
 0.0000000e+00 
 1.5483830e-01 
 7.5067280e-03 
 1.6247470e-03 
 4.9813170e-03 
 2.6929080e-02 
 5.5128860e-01 
 0.0000000e+00 
 1.9206090e-01 
 3.7707780e-01 
 5.2071720e+00 
 0.0000000e+00 
 5.3007490e-01 
 1.0011000e+01 
 4.9368240e-01 
 0.0000000e+00 
 0.0000000e+00 
 3.9202160e-02 
 1.0011000e+01 
 2.9471610e-01 
 0.0000000e+00 
 1.0011000e+01 
 1.0011000e+01 
 0.0000000e+00 
 4.9341900e-01 
 1.9557820e+00 
 3.0337810e-01 
 4.5224050e-03 
 1.1796800e-04 
 6.3226870e-03 
 3.2425520e-02 
 1.9842660e+00 
 6.4447160e-02 
 9.4923210e-01 
 2.8990670e-01 
 3.7442910e-01 
 8.1841100e-01 
 5.1140320e-01 
 4.9368240e-01 
 0.0000000e+00 
 1.0984280e-02 
 0.0000000e+00 
 1.0011000e+01 
 4.5590170e-01 
 1.0011000e+01 
 0.0000000e+00 
 1.5355400e-02 
 0.0000000e+00 
 0.0000000e+00 
 0.0000000e+00 
 1.2765410e+00 
 9.9135720e-01 
 1.0176080e-02 
 2.1264040e-03 
 1.2085150e-02 
 5.0367530e-02 
 3.3149860e-01 
 1.2778240e+00 
 6.9779990e-01 
 1.4500330e-03 
 4.3741470e-01 
 1.4581560e-01 
 2.4296140e-01 
 0.0000000e+00 
 0.0000000e+00 
 1.0011000e+01 
 0.0000000e+00 
 0.0000000e+00 
 7.3183990e-01 
 6.2542000e-01 
 0.0000000e+00 
 0.0000000e+00 
 0.0000000e+00 
 0.0000000e+00 
 0.0000000e+00 
 1.9544370e+00 
 4.7457030e-01 
 6.8593270e-03 
 9.9114340e-04 
 2.0510470e-02 
 5.8119090e-02 
 6.8806670e-01 
 1.1033180e+00 
 0.0000000e+00 
 4.8004100e-01 
 0.0000000e+00 
 2.5397330e-01 
 3.1216130e-01 
 0.0000000e+00 
 4.9341900e-01 
 0.0000000e+00 
 0.0000000e+00 
 0.0000000e+00 
 3.6333570e-01 
 7.5569160e-01 
 0.0000000e+00 
 1.0461550e+00 
 4.9343590e-01 
 0.0000000e+00 
 0.0000000e+00 
 0.0000000e+00 
 1.0711910e-01 
 3.4652710e-03 
 1.4045310e-03 
 8.2848540e-02 
 3.0571420e-02 
 3.9589940e-01 
 2.3804660e-01 
 1.0011000e+01 
 1.2316470e-03 
 0.0000000e+00 
 8.4950560e-01 
 1.0011000e+01 
 1.3743250e+00 
 2.9994340e-01 
 6.9779990e-01 
 0.0000000e+00 
 0.0000000e+00 
 5.1886370e-01 
 0.0000000e+00 
 1.0011000e+01 
 2.4229440e-02 
 1.0011000e+01 
 0.0000000e+00 
 0.0000000e+00 
 1.3973600e+00 
 3.2027780e-01 
 5.4209860e-03 
 9.7926940e-04 
 1.2291700e+00 
 1.7520230e-02 
 3.7263450e-01 
 6.9519340e-01 
 1.6980240e-02 
 1.1558310e+00 
 1.1175460e-01 
 1.0011000e+01 
 1.2844280e+00 
 3.7037800e-02 
 6.7696870e+00 
 5.7743260e-01 
 1.1019580e+00 
 3.9681130e-02 
 1.0011000e+01 
 4.3844650e-02 
 1.0011000e+01 
 1.4867670e+00 
 3.4250730e-01 
 0.0000000e+00 
 6.1213680e-01 
 8.4960180e+00 
 6.2373890e-02 
 3.4857370e-03 
 5.4753730e-04 
 1.0011000e+01 
 1.3122810e-02 
 6.2073280e-01 
 1.9509460e-01 
 1.0011000e+01 
 1.4952620e+00 
 6.7898390e+00 
 1.0743720e-01 
 3.0813040e+00 
 1.3041210e+00 
 0.0000000e+00 
 1.0903370e-01 
 1.1166910e+00 
 0.0000000e+00 
 3.0514490e-02 
 0.0000000e+00 
 5.4125680e-01 
 1.0011000e+01 
 1.0011000e+01 
 0.0000000e+00 
 1.1514090e+00 
 1.6665220e+00 
 1.0788400e-02 
 7.6615430e-04 
 1.4336760e-03 
 0.0000000e+00 
 4.9347590e-01 
 3.1584470e-03 
 1.2643280e-01 
 1.1993390e-01 
 2.2624180e-01 
 2.9333570e-01 
 7.7132450e-01 
 1.9705420e+00 
 0.0000000e+00 
 1.5603280e+00 
 6.9564620e-01 
 1.0011000e+01 
 2.8748860e-01 
 1.2684250e+00 
 1.3228750e-01 
 4.2920960e-01 
 2.8474080e-01 
 2.5425490e-01 
 1.0011000e+01 
 0.0000000e+00 
 4.4754910e+00 
 9.9436270e-03 
 9.9385430e-04 
 1.7940050e-04 
 0.0000000e+00 
 0.0000000e+00 
 3.9700070e-01 
 1.2010130e-03 
 3.0338640e-01 
 1.2389470e-01 
 1.1422860e-01 
 4.4461200e-01 
 4.1048120e-01 
 0.0000000e+00 
 5.5306540e-02 
 1.4803830e+00 
 0.0000000e+00 
 1.8556490e-01 
 2.9776230e-01 
 0.0000000e+00 
 0.0000000e+00 
 3.0061180e+00 
 2.5479230e-01 
 1.6852110e-01 
 1.4511490e+00 
 2.9775700e-01 
 8.7343000e-03 
 6.0373040e-04 
 1.0304550e-03 
 0.0000000e+00 
 0.0000000e+00 
 0.0000000e+00 
 1.6702730e-01 
 1.7920310e-02 
 1.1389710e+00 
 2.7770990e+00 
 0.0000000e+00 
 5.9723050e-02 
 1.0011000e+01 
 1.0011000e+01 
 7.8980150e-01 
 1.3695650e-01 
 2.7338900e-01 
 1.3957210e-01 
 8.6884060e-01 
 1.3509750e+00 
 0.0000000e+00 
 0.0000000e+00 
 7.1082160e-01 
 2.0068280e+00 
 2.4886420e-01 
 9.0831710e-03 
 1.3043060e-03 
 6.9524020e-04 
 0.0000000e+00 
 0.0000000e+00 
 0.0000000e+00 
 0.0000000e+00 
 7.7475670e-02 
 9.2397250e-03 
 2.8504300e-01 
 2.5587000e-01 
 1.0980300e+00 
 1.0319010e+00 
 1.1300900e-01 
 6.4499960e-01 
 6.1594870e-01 
 9.9593250e+00 
 6.0973910e-01 
 3.4342490e-01 
 4.1701130e-02 
 6.9488680e-02 
 1.1419200e-01 
 8.3310480e-01 
 0.0000000e+00 
 8.3920720e-02 
 5.7749090e-03 
 2.1412090e-03 
 9.7279740e-03 
 0.0000000e+00 
 0.0000000e+00 
 0.0000000e+00 
 0.0000000e+00 
 0.0000000e+00 
 1.9318810e-01 
 1.0006030e-02 
 1.9303130e-01 
 2.1951020e-01 
 2.2893830e-01 
 6.4913270e-01 
 4.3414510e-02 
 6.3425100e-01 
 9.2849130e-01 
 8.2108060e-02 
 3.5448230e-01 
 2.6169270e-01 
 0.0000000e+00 
 1.0011000e+01 
 5.0203300e-01 
 4.5801780e+00 
 3.9235530e-02 
 5.8266250e-03 
 2.2545800e-02 
 1.0458840e+00 
 0.0000000e+00 
 0.0000000e+00 
 0.0000000e+00 
 0.0000000e+00 
 0.0000000e+00 
 0.0000000e+00 
 1.7070050e-01 
 2.1883280e-03 
 1.1535870e-01 
 9.1399630e-01 
 8.2967820e+00 
 1.2265970e+00 
 1.0011000e+01 
 2.9734540e-01 
 2.9681890e-01 
 2.7517530e-01 
 7.4390890e-02 
 6.8657630e-01 
 1.4508300e-01 
 1.9734690e-01 
 1.5942190e-01 
 2.1807580e-01 
 1.8567840e-02 
 1.3964710e-01 
 0.0000000e+00 
 0.0000000e+00 
 0.0000000e+00 
 0.0000000e+00 
 0.0000000e+00 
 0.0000000e+00 
 0.0000000e+00 
 0.0000000e+00 
 5.0362580e-01 
 1.2166860e-02 
 1.5558890e+00 
 1.3159740e-01 
 6.2693940e-01 
 2.3358120e-01 
 1.6463950e-01 
 1.0011000e+01 
 1.4023110e+00 
 1.0011000e+01 
 2.9659430e-01 
 1.5175100e-01 
 1.6369930e-01 
 8.2493590e-01 
 1.8132490e-02 
 1.5344650e-01 
 2.6199880e-01 
 0.0000000e+00 
 0.0000000e+00 
 0.0000000e+00 
 0.0000000e+00 
 0.0000000e+00 
 0.0000000e+00 
 0.0000000e+00 
 0.0000000e+00 
 0.0000000e+00 
 1.6152840e+00 
 4.2542410e-03 
 2.1197320e-01 
 5.4653530e-01 
 2.4805050e-01 
 3.6862720e-01 
 4.9592200e-01 
 1.4632010e-01 
 1.9703910e+00 
 3.2244460e-01 
 7.9456860e-02 
 7.8439890e-01 
 8.1462080e-01 
 2.1374150e-02 
 1.2044570e-01 
 0.0000000e+00 
 0.0000000e+00 
 0.0000000e+00 
 0.0000000e+00 
 0.0000000e+00 
 0.0000000e+00 
 0.0000000e+00 
 0.0000000e+00 
 0.0000000e+00 
 0.0000000e+00 
 0.0000000e+00 
 1.0011000e+01 
 2.2193730e-01 
 1.1333890e-02 
 1.3937700e-02 
 5.6223100e-03 
 1.6985300e-02 
 5.0767710e-02 
 2.5785800e-01 
 8.0278770e-01 
 9.2512070e-01 
 1.0011000e+01 
 1.0209300e-01 
 1.0598810e-01 
 8.8445600e-01 
 0.0000000e+00 
 0.0000000e+00 
 0.0000000e+00 
 0.0000000e+00 
 0.0000000e+00 
 0.0000000e+00 
 0.0000000e+00 
 0.0000000e+00 
 0.0000000e+00 
 0.0000000e+00 
 0.0000000e+00 
 0.0000000e+00 
 0.0000000e+00 
 0.0000000e+00 
 0.0000000e+00 
 9.9184000e+00 
 9.2028030e-01 
 1.0637440e-01 
 1.5436100e-02 
 7.5777230e-03 
 3.8177830e-03 
 7.5833710e-03 
 2.8447760e-02 
 3.7205330e-01 
 0.0000000e+00 
 0.0000000e+00 
 0.0000000e+00 
 0.0000000e+00 
 0.0000000e+00 
 0.0000000e+00 
 0.0000000e+00 
 0.0000000e+00 
 0.0000000e+00 
 0.0000000e+00 
 0.0000000e+00 
 0.0000000e+00 
 0.0000000e+00 
 0.0000000e+00 
 0.0000000e+00 
 0.0000000e+00 
 0.0000000e+00 
 0.0000000e+00 
 0.0000000e+00 
 1.0011000e+01 
 2.3792850e+00 
 6.3940010e-01 
 1.0218410e+00 
 0.0000000e+00 
 0.0000000e+00 
 0.0000000e+00 
 0.0000000e+00 
 0.0000000e+00 
 0.0000000e+00 
 0.0000000e+00 
 0.0000000e+00 
 0.0000000e+00 
 0.0000000e+00 
 0.0000000e+00 
 0.0000000e+00 
 0.0000000e+00 
 0.0000000e+00 
 0.0000000e+00 
 0.0000000e+00 
 0.0000000e+00 
 0.0000000e+00 
 0.0000000e+00 
 0.0000000e+00 
 0.0000000e+00 
 0.0000000e+00 
 0.0000000e+00 
 0.0000000e+00 
 0.0000000e+00 
 0.0000000e+00 
 0.0000000e+00 
 0.0000000e+00 
 0.0000000e+00 
 0.0000000e+00 
 0.0000000e+00 
 0.0000000e+00 
 0.0000000e+00 
 0.0000000e+00 
 0.0000000e+00 
 0.0000000e+00 
 0.0000000e+00 
 0.0000000e+00 
 0.0000000e+00 
 0.0000000e+00 
 0.0000000e+00 
 0.0000000e+00 
 0.0000000e+00 
 0.0000000e+00 
 0.0000000e+00 
 0.0000000e+00 
 0.0000000e+00 
 0.0000000e+00 
 0.0000000e+00 
 0.0000000e+00 
 0.0000000e+00 
 0.0000000e+00 
 0.0000000e+00 
 0.0000000e+00 
 0.0000000e+00 
 0.0000000e+00 
 0.0000000e+00 
 0.0000000e+00 
 0.0000000e+00 
 0.0000000e+00 
 0.0000000e+00 
 0.0000000e+00 
 0.0000000e+00 
 0.0000000e+00 
 0.0000000e+00 
 0.0000000e+00 
 0.0000000e+00 
 0.0000000e+00 
 0.0000000e+00 
 0.0000000e+00 
 0.0000000e+00 
 0.0000000e+00 
 0.0000000e+00 
 0.0000000e+00 
 0.0000000e+00 
 0.0000000e+00 
 0.0000000e+00 
 0.0000000e+00 
 0.0000000e+00 
 0.0000000e+00 
 0.0000000e+00 
 0.0000000e+00 
 0.0000000e+00 
 0.0000000e+00 
 0.0000000e+00 
 0.0000000e+00 
 0.0000000e+00 
 0.0000000e+00 
 0.0000000e+00 
 0.0000000e+00 
 0.0000000e+00 
 0.0000000e+00 
 0.0000000e+00 
 0.0000000e+00 
 0.0000000e+00 
 0.0000000e+00 
 0.0000000e+00 
 0.0000000e+00 
 0.0000000e+00 
 0.0000000e+00 
 0.0000000e+00 
 0.0000000e+00 
 0.0000000e+00 
 0.0000000e+00 
 0.0000000e+00 
 0.0000000e+00 
 0.0000000e+00 
 0.0000000e+00 
 0.0000000e+00 
 0.0000000e+00 
 0.0000000e+00 
 0.0000000e+00 
 0.0000000e+00 
 0.0000000e+00 
 0.0000000e+00 
 0.0000000e+00 
 0.0000000e+00 
 0.0000000e+00 
 0.0000000e+00 
 0.0000000e+00 
 0.0000000e+00 
 0.0000000e+00 
 0.0000000e+00 
 0.0000000e+00 
 0.0000000e+00 
 0.0000000e+00 
 0.0000000e+00 
 0.0000000e+00 
 0.0000000e+00 
 0.0000000e+00 
 0.0000000e+00 
 0.0000000e+00 
 0.0000000e+00 
 0.0000000e+00 
 0.0000000e+00 
 0.0000000e+00 
 0.0000000e+00 
 0.0000000e+00 
 0.0000000e+00 
 0.0000000e+00 
 0.0000000e+00 
 0.0000000e+00 
 0.0000000e+00 
 0.0000000e+00 
 0.0000000e+00 
 0.0000000e+00 
 0.0000000e+00 
 0.0000000e+00 
 0.0000000e+00 
 0.0000000e+00 
 0.0000000e+00 
 0.0000000e+00 
 0.0000000e+00 
 0.0000000e+00 
 0.0000000e+00 
 0.0000000e+00 
 0.0000000e+00 
 0.0000000e+00 
 0.0000000e+00 
 0.0000000e+00 
 0.0000000e+00 
 0.0000000e+00 
 0.0000000e+00 
 0.0000000e+00 
 0.0000000e+00 
 0.0000000e+00 
 0.0000000e+00 
 0.0000000e+00 
 0.0000000e+00 
 0.0000000e+00 
 0.0000000e+00 
 0.0000000e+00 
 0.0000000e+00 
 0.0000000e+00 
 0.0000000e+00 
 0.0000000e+00 
 0.0000000e+00 
 0.0000000e+00 
 0.0000000e+00 
 0.0000000e+00 
 0.0000000e+00 
 0.0000000e+00 
 0.0000000e+00 
 0.0000000e+00 
 0.0000000e+00 
 0.0000000e+00 
 0.0000000e+00 
 0.0000000e+00 
 0.0000000e+00 
 0.0000000e+00 
 0.0000000e+00 
 0.0000000e+00 
 0.0000000e+00 
 0.0000000e+00 
 0.0000000e+00 
 0.0000000e+00 
 0.0000000e+00 
 0.0000000e+00 
 0.0000000e+00 
 0.0000000e+00 
 0.0000000e+00 
 0.0000000e+00 
 0.0000000e+00 
 0.0000000e+00 
 0.0000000e+00 
 0.0000000e+00 
 0.0000000e+00 
 0.0000000e+00 
 0.0000000e+00 
 0.0000000e+00 
 0.0000000e+00 
 0.0000000e+00 
 0.0000000e+00 
 0.0000000e+00 
 0.0000000e+00 
 0.0000000e+00 
 0.0000000e+00 
 0.0000000e+00 
 0.0000000e+00 
 0.0000000e+00 
 0.0000000e+00 
 0.0000000e+00 
 0.0000000e+00 
 0.0000000e+00 
 0.0000000e+00 
 0.0000000e+00 
 0.0000000e+00 
 0.0000000e+00 
 0.0000000e+00 
 0.0000000e+00 
 0.0000000e+00 
 0.0000000e+00 
 0.0000000e+00 
 0.0000000e+00 
 0.0000000e+00 
 0.0000000e+00 
 0.0000000e+00 
 0.0000000e+00 
 0.0000000e+00 
 0.0000000e+00 
 0.0000000e+00 
 0.0000000e+00 
 0.0000000e+00 
 0.0000000e+00 
 0.0000000e+00 
 0.0000000e+00 
 0.0000000e+00 
 0.0000000e+00 
 0.0000000e+00 
 0.0000000e+00 
 0.0000000e+00 
 0.0000000e+00 
 0.0000000e+00 
 0.0000000e+00 
 0.0000000e+00 
 0.0000000e+00 
 0.0000000e+00 
 0.0000000e+00 
 0.0000000e+00 
 0.0000000e+00 
 0.0000000e+00 
 0.0000000e+00 
 0.0000000e+00 
 0.0000000e+00 
 0.0000000e+00 
 0.0000000e+00 
 0.0000000e+00 
 0.0000000e+00 
 0.0000000e+00 
 0.0000000e+00 
 0.0000000e+00 
 0.0000000e+00 
 0.0000000e+00 
 0.0000000e+00 
 0.0000000e+00 
 0.0000000e+00 
 0.0000000e+00 
 0.0000000e+00 
 0.0000000e+00 
 0.0000000e+00 
 0.0000000e+00 
 0.0000000e+00 
 0.0000000e+00 
 0.0000000e+00 
 0.0000000e+00 
 0.0000000e+00 
 0.0000000e+00 
 0.0000000e+00 
 0.0000000e+00 
 0.0000000e+00 
 0.0000000e+00 
 0.0000000e+00 
 0.0000000e+00 
 0.0000000e+00 
 0.0000000e+00 
 0.0000000e+00 
 0.0000000e+00 
 0.0000000e+00 
 0.0000000e+00 
 0.0000000e+00 
 0.0000000e+00 
 0.0000000e+00 
 0.0000000e+00 
 0.0000000e+00 
 0.0000000e+00 
 0.0000000e+00 
 0.0000000e+00 
 0.0000000e+00 
 0.0000000e+00 
 0.0000000e+00 
 0.0000000e+00 
 0.0000000e+00 
 0.0000000e+00 
 0.0000000e+00 
 0.0000000e+00 
 0.0000000e+00 
 0.0000000e+00 
 0.0000000e+00 
 0.0000000e+00 
 0.0000000e+00 
 0.0000000e+00 
 0.0000000e+00 
 0.0000000e+00 
 0.0000000e+00 
 0.0000000e+00 
 0.0000000e+00 
 0.0000000e+00 
 0.0000000e+00 
 0.0000000e+00 
 0.0000000e+00 
 0.0000000e+00 
 0.0000000e+00 
 0.0000000e+00 
 0.0000000e+00 
 0.0000000e+00 
 0.0000000e+00 
 0.0000000e+00 
 0.0000000e+00 
 0.0000000e+00 
 0.0000000e+00 
 0.0000000e+00 
 0.0000000e+00 
 0.0000000e+00 
 0.0000000e+00 
 0.0000000e+00 
 0.0000000e+00 
 0.0000000e+00 
 0.0000000e+00 
 0.0000000e+00 
 0.0000000e+00 
 0.0000000e+00 
 0.0000000e+00 
 0.0000000e+00 
 0.0000000e+00 
 0.0000000e+00 
 0.0000000e+00 
 0.0000000e+00 
 0.0000000e+00 
 0.0000000e+00 
 0.0000000e+00 
 0.0000000e+00 
 0.0000000e+00 
 0.0000000e+00 
 0.0000000e+00 
 0.0000000e+00 
 0.0000000e+00 
 0.0000000e+00 
 0.0000000e+00 
 0.0000000e+00 
 0.0000000e+00 
 0.0000000e+00 
 0.0000000e+00 
 0.0000000e+00 
 0.0000000e+00 
 0.0000000e+00 
 0.0000000e+00 
 0.0000000e+00 
 0.0000000e+00 
 0.0000000e+00 
 0.0000000e+00 
 0.0000000e+00 
 0.0000000e+00 
 0.0000000e+00 
 0.0000000e+00 
 0.0000000e+00 
 0.0000000e+00 
 0.0000000e+00 
 0.0000000e+00 
 0.0000000e+00 
 0.0000000e+00 
 0.0000000e+00 
 0.0000000e+00 
 0.0000000e+00 
 0.0000000e+00 
 0.0000000e+00 
 0.0000000e+00 
 0.0000000e+00 
 0.0000000e+00 
 0.0000000e+00 
 0.0000000e+00 
 0.0000000e+00 
 0.0000000e+00 
 0.0000000e+00 
 0.0000000e+00 
 0.0000000e+00 
 0.0000000e+00 
 0.0000000e+00 
 0.0000000e+00 
 0.0000000e+00 
 0.0000000e+00 
 0.0000000e+00 
 0.0000000e+00 
 0.0000000e+00 
 0.0000000e+00 
 0.0000000e+00 
 0.0000000e+00 
 0.0000000e+00 
 0.0000000e+00 
 0.0000000e+00 
 0.0000000e+00 
 0.0000000e+00 
 0.0000000e+00 
 0.0000000e+00 
 0.0000000e+00 
 0.0000000e+00 
 0.0000000e+00 
 0.0000000e+00 
 0.0000000e+00 
 0.0000000e+00 
 0.0000000e+00 
 0.0000000e+00 
 0.0000000e+00 
 0.0000000e+00 
 0.0000000e+00 
 0.0000000e+00 
 0.0000000e+00 
 0.0000000e+00 
 0.0000000e+00 
 0.0000000e+00 
 0.0000000e+00 
 0.0000000e+00 
 0.0000000e+00 
 0.0000000e+00 
 0.0000000e+00 
 0.0000000e+00 
 0.0000000e+00 
 0.0000000e+00 
 0.0000000e+00 
 0.0000000e+00 
 0.0000000e+00 
 0.0000000e+00 
 0.0000000e+00 
 0.0000000e+00 
 0.0000000e+00 
 0.0000000e+00 
 0.0000000e+00 
 0.0000000e+00 
 0.0000000e+00 
 0.0000000e+00 
 0.0000000e+00 
 0.0000000e+00 
 0.0000000e+00 
 0.0000000e+00 
 0.0000000e+00 
 0.0000000e+00 
 0.0000000e+00 
 0.0000000e+00 
 0.0000000e+00 
 0.0000000e+00 
 0.0000000e+00 
 0.0000000e+00 
 0.0000000e+00 
 0.0000000e+00 
 0.0000000e+00 
 0.0000000e+00 
 0.0000000e+00 
 0.0000000e+00 
 0.0000000e+00 
 0.0000000e+00 
 0.0000000e+00 
 0.0000000e+00 
 0.0000000e+00 
 0.0000000e+00 
 0.0000000e+00 
 0.0000000e+00 
 0.0000000e+00 
 0.0000000e+00 
 0.0000000e+00 
 0.0000000e+00 
 0.0000000e+00 
 0.0000000e+00 
 0.0000000e+00 
 0.0000000e+00 
 0.0000000e+00 
 0.0000000e+00 
 0.0000000e+00 
 0.0000000e+00 
 0.0000000e+00 
 0.0000000e+00 
 0.0000000e+00 
 0.0000000e+00 
 0.0000000e+00 
 0.0000000e+00 
 0.0000000e+00 
 0.0000000e+00 
 0.0000000e+00 
 0.0000000e+00 
 0.0000000e+00 
 0.0000000e+00 
 0.0000000e+00 
 0.0000000e+00 
 0.0000000e+00 
 0.0000000e+00 
 0.0000000e+00 
 0.0000000e+00 
 0.0000000e+00 
 0.0000000e+00 
 0.0000000e+00 
 0.0000000e+00 
 0.0000000e+00 
 0.0000000e+00 
 0.0000000e+00 
 0.0000000e+00 
 0.0000000e+00 
 0.0000000e+00 
 0.0000000e+00 
 0.0000000e+00 
 0.0000000e+00 
 0.0000000e+00 
 0.0000000e+00 
 0.0000000e+00 
 0.0000000e+00 
 0.0000000e+00 
 0.0000000e+00 
 0.0000000e+00 
 0.0000000e+00 
 0.0000000e+00 
 0.0000000e+00 
 0.0000000e+00 
 0.0000000e+00 
 0.0000000e+00 
 0.0000000e+00 
 0.0000000e+00 
 0.0000000e+00 
 0.0000000e+00 
 0.0000000e+00 
 0.0000000e+00 
 0.0000000e+00 
 0.0000000e+00 
 0.0000000e+00 
 0.0000000e+00 
 0.0000000e+00 
 0.0000000e+00 
 0.0000000e+00 
 0.0000000e+00 
 0.0000000e+00 
 0.0000000e+00 
 0.0000000e+00 
 0.0000000e+00 
 0.0000000e+00 
 0.0000000e+00 
 0.0000000e+00 
 0.0000000e+00 
 0.0000000e+00 
 0.0000000e+00 
 0.0000000e+00 
 0.0000000e+00 
 0.0000000e+00 
 0.0000000e+00 
 0.0000000e+00 
 0.0000000e+00 
 0.0000000e+00 
 0.0000000e+00 
 0.0000000e+00 
 0.0000000e+00 
 0.0000000e+00 
 0.0000000e+00 
 0.0000000e+00 
 0.0000000e+00 
 0.0000000e+00 
 0.0000000e+00 
 0.0000000e+00 
 0.0000000e+00 
 0.0000000e+00 
 0.0000000e+00 
 0.0000000e+00 
 0.0000000e+00 
 0.0000000e+00 
 0.0000000e+00 
 0.0000000e+00 
 0.0000000e+00 
 0.0000000e+00 
 0.0000000e+00 
 0.0000000e+00 
 0.0000000e+00 
 0.0000000e+00 
 0.0000000e+00 
 0.0000000e+00 
 0.0000000e+00 
 0.0000000e+00 
 0.0000000e+00 
 0.0000000e+00 
 0.0000000e+00 
 0.0000000e+00 
 0.0000000e+00 
 0.0000000e+00 
 0.0000000e+00 
 0.0000000e+00 
 0.0000000e+00 
 0.0000000e+00 
 0.0000000e+00 
 0.0000000e+00 
 0.0000000e+00 
 0.0000000e+00 
 0.0000000e+00 
 0.0000000e+00 
 0.0000000e+00 
 0.0000000e+00 
 0.0000000e+00 
 0.0000000e+00 
 0.0000000e+00 
 0.0000000e+00 
 0.0000000e+00 
 0.0000000e+00 
 0.0000000e+00 
 0.0000000e+00 
 0.0000000e+00 
 0.0000000e+00 
 0.0000000e+00 
 0.0000000e+00 
 0.0000000e+00 
 0.0000000e+00 
 0.0000000e+00 
 0.0000000e+00 
 0.0000000e+00 
 0.0000000e+00 
 0.0000000e+00 
 0.0000000e+00 
 0.0000000e+00 
 0.0000000e+00 
 0.0000000e+00 
 0.0000000e+00 
 0.0000000e+00 
 0.0000000e+00 
 0.0000000e+00 
 0.0000000e+00 
 0.0000000e+00 
 0.0000000e+00 
 0.0000000e+00 
 0.0000000e+00 
 0.0000000e+00 
 0.0000000e+00 
 0.0000000e+00 
 0.0000000e+00 
 0.0000000e+00 
 0.0000000e+00 
 0.0000000e+00 
 0.0000000e+00 
 0.0000000e+00 
 0.0000000e+00 
 0.0000000e+00 
 0.0000000e+00 
 0.0000000e+00 
 0.0000000e+00 
 0.0000000e+00 
 0.0000000e+00 
 0.0000000e+00 
 0.0000000e+00 
 0.0000000e+00 
 0.0000000e+00 
 0.0000000e+00 
 0.0000000e+00 
 0.0000000e+00 
 0.0000000e+00 
 0.0000000e+00 
 0.0000000e+00 
 0.0000000e+00 
 0.0000000e+00 
 0.0000000e+00 
 0.0000000e+00 
 0.0000000e+00 
 0.0000000e+00 
 0.0000000e+00 
 0.0000000e+00 
 0.0000000e+00 
 0.0000000e+00 
 0.0000000e+00 
 0.0000000e+00 
 0.0000000e+00 
 0.0000000e+00 
 0.0000000e+00 
 0.0000000e+00 
 0.0000000e+00 
 0.0000000e+00 
 0.0000000e+00 
 0.0000000e+00 
 0.0000000e+00 
 0.0000000e+00 
 0.0000000e+00 
 0.0000000e+00 
 0.0000000e+00 
 0.0000000e+00 
 0.0000000e+00 
 0.0000000e+00 
 0.0000000e+00 
 0.0000000e+00 
 0.0000000e+00 
 0.0000000e+00 
 0.0000000e+00 
 0.0000000e+00 
 0.0000000e+00 
 0.0000000e+00 
 0.0000000e+00 
 0.0000000e+00 
 0.0000000e+00 
 0.0000000e+00 
 0.0000000e+00 
 0.0000000e+00 
 0.0000000e+00 
 0.0000000e+00 
 0.0000000e+00 
 0.0000000e+00 
 0.0000000e+00 
 0.0000000e+00 
 0.0000000e+00 
 0.0000000e+00 
 0.0000000e+00 
 0.0000000e+00 
 0.0000000e+00 
 0.0000000e+00 
 0.0000000e+00 
 0.0000000e+00 
 0.0000000e+00 
 0.0000000e+00 
 0.0000000e+00 
 0.0000000e+00 
 0.0000000e+00 
 0.0000000e+00 
 0.0000000e+00 
 0.0000000e+00 
 0.0000000e+00 
 0.0000000e+00 
 0.0000000e+00 
 0.0000000e+00 
 0.0000000e+00 
 0.0000000e+00 
 0.0000000e+00 
 0.0000000e+00 
 0.0000000e+00 
 0.0000000e+00 
 0.0000000e+00 
 0.0000000e+00 
 0.0000000e+00 
 0.0000000e+00 
 0.0000000e+00 
