 8.2985740e-03 
 5.9494510e-03 
 1.8614470e-02 
 8.5791950e-03 
 2.7618420e-02 
 2.0199260e-02 
 4.1680820e-03 
 4.9620170e-03 
 4.0955850e-03 
 5.4463450e-03 
 9.3047840e-03 
 1.0962140e-02 
 3.8478650e-03 
 6.5832190e-03 
 6.2548010e-03 
 7.0762700e-03 
 1.1202150e-02 
 1.5147400e-02 
 1.3543070e-02 
 9.9677480e-03 
 1.4708880e-02 
 8.2144550e-03 
 4.4274620e-03 
 3.1763020e-03 
 5.2046240e-02 
 1.3379290e-02 
 9.5907930e-03 
 3.7582420e-03 
 2.0436990e-02 
 3.6026410e-03 
 6.3864110e-03 
 3.8382850e-03 
 6.6944250e-03 
 4.2994390e-03 
 7.0019290e-03 
 3.3910540e-03 
 4.0141080e-03 
 5.8699920e-03 
 5.3959260e-03 
 3.8524830e-02 
 2.2175950e-02 
 5.0084460e-02 
 5.6038500e-02 
 1.3397350e-01 
 4.9469950e-02 
 2.6221030e-02 
 3.0553220e-03 
 2.6942190e-03 
 1.1210770e-02 
 5.1391820e-03 
 4.9086060e-03 
 3.9901050e-03 
 7.7938630e-03 
 2.9337970e-03 
 1.3106050e-02 
 5.2817710e-03 
 2.7419060e-03 
 1.7589950e-03 
 4.1071320e-03 
 3.3666600e-03 
 1.3144770e-02 
 1.0122260e-02 
 1.3859330e-02 
 3.7517490e-01 
 3.9679250e-02 
 3.5654440e-02 
 5.9881520e-03 
 3.8738200e-03 
 8.4315560e-03 
 7.4401770e-03 
 8.3304800e-03 
 4.3438070e-03 
 2.3549520e-03 
 1.3337630e-02 
 3.4116100e-03 
 1.9756200e-02 
 1.2092000e-02 
 9.0965880e-03 
 1.0827130e-02 
 3.6814610e-04 
 1.5399640e-02 
 5.9324150e-03 
 5.7496790e-03 
 1.2031360e-03 
 5.5563260e-03 
 8.8912750e-03 
 1.0672290e-02 
 1.2849250e-01 
 3.4666530e-02 
 2.6053670e-02 
 1.6687920e-02 
 4.6194110e-03 
 2.2967150e-03 
 5.7760860e-03 
 9.2556330e-03 
 4.5555070e-03 
 6.8760060e-04 
 6.8399590e-03 
 2.1258720e-03 
 3.7730270e-03 
 2.7710690e-02 
 5.3606110e-03 
 9.3821820e-03 
 1.5225310e-03 
 3.6161660e-03 
 4.3872030e-03 
 4.8087420e-03 
 1.0364330e-02 
 3.2320470e-03 
 3.3585410e-03 
 1.3745730e-02 
 3.7761330e-03 
 6.3264900e-02 
 2.7774660e-02 
 1.5326230e-02 
 7.4364820e-03 
 1.5058180e-02 
 2.1902080e-02 
 2.6759940e-03 
 1.4190950e-02 
 1.2522760e-03 
 8.1105780e-03 
 4.5996350e-03 
 3.9787370e-03 
 2.8056650e-03 
 3.2090780e-02 
 1.0200210e-02 
 5.0261270e-03 
 2.1129310e-02 
 8.6735370e-03 
 1.6940140e-03 
 6.6209560e-03 
 5.6058240e-03 
 9.8677550e-04 
 1.1308440e-03 
 1.0135830e-02 
 1.7582150e-03 
 1.0952150e-02 
 1.9042020e-02 
 8.5455870e-03 
 3.2885050e-03 
 4.6138840e-03 
 2.5036320e-03 
 1.4701700e-03 
 4.7310430e-03 
 9.8870440e-03 
 4.0300040e-03 
 1.6401680e-02 
 6.8732070e-03 
 1.6444670e-03 
 2.5235680e-02 
 3.5111840e-02 
 3.0161120e-03 
 2.1770740e-03 
 2.9903340e-03 
 1.8159620e-02 
 1.9843230e-02 
 5.0700050e-04 
 5.2808480e-03 
 6.2005170e-03 
 2.8401580e-03 
 4.8048330e-04 
 2.7064240e-03 
 7.3806680e-03 
 5.3315530e-03 
 6.3159040e-03 
 1.3258340e-03 
 1.7133660e-03 
 2.7067160e-03 
 1.7599700e-03 
 8.4441260e-03 
 7.3733940e-03 
 7.1629260e-03 
 4.3891880e-03 
 1.3760270e-02 
 2.6374460e-02 
 3.2324210e-02 
 1.3079940e-03 
 4.3705330e-03 
 3.8588070e-03 
 9.0836890e-03 
 1.0630230e-02 
 5.6003260e-03 
 2.7878480e-03 
 3.8714310e-03 
 2.7260700e-03 
 1.9164380e-03 
 3.9923790e-03 
 6.3189560e-03 
 4.4318480e-03 
 1.5326500e-03 
 9.0189090e-04 
 3.4630720e-03 
 2.6189350e-02 
 7.5877640e-03 
 1.0519960e-02 
 9.7454110e-03 
 1.9254970e-02 
 6.1046660e-03 
 3.0596250e-02 
 1.4133430e-02 
 1.5447640e-02 
 2.6279960e-03 
 2.4639600e-03 
 3.0455420e-03 
 7.9786220e-03 
 1.3853500e-02 
 5.9805710e-03 
 6.3374160e-03 
 3.7434730e-03 
 3.3539440e-03 
 1.2028530e-03 
 2.5206070e-03 
 9.2582960e-03 
 1.2777050e-02 
 1.6922870e-03 
 3.5902910e-03 
 5.4466480e-03 
 5.8500240e-03 
 3.4721500e-02 
 1.6358230e-02 
 2.2530220e-02 
 1.3475700e-02 
 1.8145200e-02 
 5.6622970e-03 
 1.0385040e-02 
 7.4117990e-03 
 4.0284280e-03 
 3.5189310e-03 
 3.7972700e-03 
 7.0262540e-04 
 1.8367800e-03 
 3.2865030e-03 
 7.6954330e-04 
 3.2773670e-03 
 1.0950400e-03 
 3.5170390e-03 
 3.8439580e-03 
 5.7307550e-03 
 3.7005500e-03 
 3.0827530e-03 
 1.1081770e-02 
 2.4158420e-02 
 3.1697610e-02 
 6.4107030e-03 
 6.3247330e-03 
 6.4812330e-02 
 1.8261720e-02 
 3.7395100e-02 
 3.7949820e-03 
 1.3129520e-02 
 1.8262630e-03 
 9.4049600e-03 
 2.9972470e-03 
 3.0725960e-03 
 2.5670250e-02 
 6.9293460e-03 
 4.0874190e-03 
 2.8259360e-03 
 7.3509470e-03 
 4.6209830e-03 
 5.9412880e-03 
 4.2744650e-04 
 4.8378350e-03 
 3.1311650e-03 
 4.4657450e-03 
 3.0597230e-02 
 2.3173110e-02 
 1.0076620e-02 
 1.3729070e+00 
 3.3832180e-01 
 3.7993950e-01 
 3.3299860e-01 
 3.3890080e-02 
 2.6589590e-02 
 3.9879270e-01 
 3.5537860e-03 
 5.9811670e-03 
 2.3859490e-03 
 2.0647610e-03 
 5.5707370e-03 
 5.8676170e-04 
 4.6175520e-03 
 4.2166430e-03 
 1.6390320e-03 
 1.0344240e-02 
 6.9659470e-04 
 2.1178810e-02 
 2.9077820e-02 
 8.7565690e-03 
 1.0194110e-02 
 3.4701120e-02 
 2.9090350e-02 
 6.3636060e+00 
 4.0906420e-02 
 1.6586560e-02 
 1.1342440e+00 
 4.9247310e-03 
 5.0105710e-02 
 9.4833440e-03 
 4.3089780e-03 
 5.9003300e-01 
 3.7529570e-03 
 1.2419550e-03 
 3.4046600e-03 
 3.4370630e-03 
 7.8619220e-03 
 3.9096480e-03 
 1.2115940e-03 
 4.3254270e-03 
 3.7669810e-03 
 1.3641350e-03 
 4.1852540e-03 
 7.7152930e-03 
 1.3439250e-03 
 5.5189430e-02 
 2.0660120e-02 
 2.3204500e+00 
 1.7145320e-02 
 1.3898460e-02 
 2.6000670e-01 
 5.2197220e-02 
 2.7287340e-02 
 1.8181890e-02 
 8.7556040e-03 
 2.0491630e-03 
 3.8830450e-03 
 6.1022890e-02 
 1.2746990e-02 
 1.7962300e-03 
 2.5403170e-03 
 1.1932530e-03 
 2.8453400e-03 
 4.9090700e-03 
 4.1477170e-03 
 4.2182020e-03 
 1.7539240e-03 
 2.8411570e-03 
 9.1583490e-03 
 1.1528170e-02 
 6.0429670e-02 
 3.6767390e-02 
 9.6363400e-01 
 1.2188400e-02 
 2.2728710e-02 
 7.2248420e-02 
 8.4148220e-03 
 2.2316730e-02 
 6.9667490e-03 
 9.2112170e-03 
 6.7157630e-03 
 4.6724150e-03 
 1.1718170e-03 
 3.8626980e-02 
 7.6391410e-03 
 7.8685280e-03 
 1.7665510e-03 
 2.6452470e-03 
 1.0691420e-03 
 3.7661460e-03 
 5.3506880e-03 
 1.1963330e-02 
 8.6654370e-04 
 1.0454890e-02 
 8.6673030e-02 
 3.7090300e-03 
 1.0011000e+01 
 2.1974890e-02 
 1.7153670e-02 
 3.7493890e-02 
 1.5773680e-02 
 2.9094380e-02 
 1.2809410e-02 
 5.6226150e-03 
 1.4655550e-02 
 8.3529050e-03 
 5.9424720e-03 
 5.5716040e-03 
 6.7037970e-03 
 1.7334710e-02 
 1.1247020e-03 
 5.4131610e-03 
 4.2609730e-04 
 6.6973290e-04 
 7.4014100e-03 
 1.2880250e-02 
 1.1668740e-02 
 1.1490470e-02 
 4.4555610e-02 
 4.1006530e-03 
 4.4619770e-01 
 9.9122840e-01 
 1.1815820e-01 
 2.4422490e-02 
 1.6127400e-02 
 5.3639890e-03 
 5.3370400e-02 
 3.4473370e-03 
 4.1123730e-03 
 1.0227150e-02 
 5.4952920e-03 
 3.9082600e-03 
 8.9384120e-03 
 1.8480900e-03 
 2.5567400e-03 
 1.8341690e-02 
 2.5581310e-03 
 2.8750660e-04 
 1.8884710e-03 
 5.2049670e-03 
 9.5719500e-03 
 1.9436250e-02 
 4.4341330e-03 
 3.0911260e+00 
 1.0011000e+01 
 8.6849780e-01 
 1.2159670e-01 
 6.6111860e-02 
 4.4762930e-02 
 6.1128070e-03 
 1.3665250e-02 
 6.9575570e-02 
 4.6527920e-03 
 1.1417630e-02 
 3.4569020e-03 
 5.7049870e-03 
 1.9741090e-02 
 1.7891880e-03 
 3.5519150e-03 
 6.7046290e-04 
 5.0441290e-03 
 1.5811370e-03 
 4.4140020e-03 
 2.8051880e-03 
 2.2113080e-03 
 5.0382210e-03 
 1.3799020e-02 
 2.3244420e-02 
 3.0256410e-01 
 0.0000000e+00 
 8.5559630e-02 
 2.7638100e-01 
 3.1320800e-02 
 1.6424060e-02 
 1.9993290e-03 
 1.4095990e-02 
 2.5596030e-02 
 1.0189600e-02 
 7.8878430e-03 
 1.7656720e-03 
 2.3412990e-02 
 7.3534990e-03 
 1.2626670e-03 
 6.1375760e-03 
 8.1678520e-03 
 1.4468590e-02 
 2.0996540e-03 
 1.3725400e-03 
 4.9564380e-03 
 3.6057660e-03 
 2.3520280e-02 
 9.0319360e-03 
 5.0581050e-03 
 6.4032250e-02 
 1.2400050e-01 
 3.0757280e-02 
 1.6450550e-02 
 9.2766690e-02 
 1.3431220e-02 
 1.6250870e-02 
 8.3920830e-02 
 5.0256740e-03 
 1.2948550e-02 
 6.5981720e-03 
 5.6375370e-03 
 3.7339570e-03 
 6.3412350e-03 
 4.6318440e-03 
 6.7678360e-04 
 1.3510580e-02 
 8.5110570e-03 
 1.7916620e-03 
 5.5647530e-03 
 4.9087100e-04 
 4.0928690e-03 
 7.0845020e-03 
 9.9239680e-03 
 1.5484910e-03 
 1.8392270e-02 
 1.6047730e-02 
 7.6824540e-03 
 2.3396350e-02 
 6.6233340e-02 
 3.5164810e-02 
 2.3846990e-02 
 1.2892110e-01 
 7.3653320e-03 
 3.0504800e-02 
 2.2912450e-03 
 7.7583360e-03 
 6.5797190e-03 
 1.0089230e-03 
 1.0060210e-02 
 5.7192360e-03 
 3.4367150e-04 
 7.5992470e-03 
 1.7796430e-03 
 3.7148380e-03 
 3.0158260e-03 
 3.8963250e-03 
 3.3506110e-03 
 1.2738490e-02 
 1.2874060e-03 
 1.2364990e-02 
 2.0491190e-03 
 3.2121590e-02 
 2.2848950e-02 
 1.7053200e-02 
 3.8426110e-01 
 3.4638890e-01 
 4.2766410e-03 
 2.7328020e-03 
 4.3260010e-02 
 1.1726930e-03 
 3.1605310e-03 
 7.4487640e-03 
 6.6345780e-03 
 2.0595250e-03 
 3.9593050e-03 
 5.0079250e-03 
 2.8182110e-04 
 3.7602730e-03 
 2.1593030e-03 
 2.2310400e-03 
 6.7610950e-03 
 1.0925380e-02 
 8.5584000e-03 
 1.0075400e-02 
 5.4077400e-02 
 3.7732700e-02 
 3.2471020e-02 
 3.0819090e-02 
 1.8713600e-01 
 2.7487870e-01 
 2.0736490e-02 
 1.3935740e-02 
 1.1055990e-02 
 1.5928580e-02 
 2.5650720e-03 
 3.8143370e-03 
 5.2245840e-03 
 4.8449760e-03 
 3.1690880e-03 
 2.9262240e-03 
 3.1032540e-03 
 4.5412440e-03 
 3.6011200e-03 
 2.2479680e-04 
 4.3857100e-04 
 1.3591630e-03 
 3.3502190e-03 
 2.8273960e-02 
 4.9716750e-02 
 1.1305580e-02 
 6.5288790e-03 
 9.2401760e-03 
 1.0326280e-01 
 3.2479510e+00 
 3.2057890e-01 
 4.7139130e-03 
 1.5400020e-02 
 8.5107890e-03 
 2.4543420e-02 
 2.5692340e-03 
 1.7894420e-02 
 5.9127780e-03 
 1.3112020e-02 
 6.2058980e-03 
 4.5977000e-03 
 1.6584140e-03 
 5.4349040e-03 
 6.6735790e-03 
 9.9056890e-04 
 2.2727020e-03 
 4.7120360e-03 
 4.7411500e-03 
 5.3032260e-03 
 8.2111580e-01 
 0.0000000e+00 
 1.1751940e+00 
 1.6385900e+00 
 8.2987270e+00 
 1.0011000e+01 
 1.7577030e-02 
 1.6149130e-02 
 2.9971010e-03 
 2.0491370e-03 
 9.2820140e-02 
 2.1989800e-02 
 5.6868740e-03 
 7.9340150e-03 
 3.1769480e-03 
 2.6788300e-03 
 1.2539640e-03 
 7.9501470e-04 
 3.6396220e-03 
 4.6182250e-03 
 3.1021660e-03 
 1.1239570e-02 
 4.8291020e-03 
 1.2814480e-03 
 4.3979000e-03 
 7.8567720e-02 
 4.6247130e-01 
 8.8585240e-02 
 4.4359490e-01 
 4.2491760e+00 
 3.0645660e-02 
 2.8776800e-02 
 7.6475200e-04 
 5.2343620e-03 
 8.1814110e-03 
 2.4267490e-02 
 1.9020200e-02 
 3.6499130e-03 
 2.4495570e-02 
 1.0008290e-03 
 2.3918240e-03 
 2.8024830e-03 
 5.4517130e-03 
 3.1980270e-03 
 5.2926210e-03 
 2.6449900e-03 
 3.8791210e-03 
 3.2120950e-03 
 1.8193100e-02 
 1.3156310e-02 
 5.1508310e-02 
 8.1868590e-02 
 1.0011000e+01 
 5.5868850e-02 
 4.3661700e+00 
 2.8928690e-02 
 7.0129620e-03 
 2.3718800e-03 
 8.0027320e-03 
 1.2633110e-03 
 1.3121860e-02 
 2.0066340e-02 
 9.6143350e-03 
 5.9778510e-03 
 1.1546620e-02 
 1.1800740e-03 
 4.6257190e-03 
 5.6513800e-03 
 6.0154140e-03 
 5.2937730e-03 
 4.8589270e-03 
 3.6341330e-03 
 9.3235270e-03 
 5.8006890e-03 
 5.7111400e-03 
 1.1339730e-01 
 1.5860210e+00 
 9.1989290e-02 
 0.0000000e+00 
 3.4978680e-02 
 7.2493730e-03 
 1.2412520e-02 
 2.2342810e-03 
 3.9197160e-03 
 2.0370720e-03 
 7.4286930e-03 
 8.1347460e-03 
 1.4461970e-02 
 7.1062630e-03 
 2.5979790e-03 
 5.6669870e-03 
 3.8548460e-03 
 1.9753180e-01 
 0.0000000e+00 
 1.2693840e-02 
 4.1162840e-03 
 3.8161490e-03 
 1.0127170e-03 
 4.8859060e-03 
 4.5726140e-03 
 6.9167530e-02 
 2.4380960e-01 
 3.6496680e+00 
 1.0011000e+01 
 3.1148750e-02 
 2.8756090e-03 
 4.9284270e-03 
 5.0512210e-04 
 6.9319150e-03 
 7.8403470e-04 
 4.9351380e-03 
 1.2519670e-02 
 4.9740570e-03 
 7.3232870e-03 
 9.0166920e-03 
 7.4690630e-03 
 2.3122850e-02 
 7.5711040e-02 
 2.2251290e-02 
 2.6214280e-01 
 2.1944960e-03 
 1.4572620e-03 
 4.5858860e-03 
 5.4915750e-03 
 6.8643000e-03 
 2.2067540e-03 
 1.7111080e-02 
 1.2501480e-01 
 1.4153060e-01 
 2.1463750e-02 
 5.4297820e-03 
 7.7483200e-03 
 6.2665610e-03 
 2.5927680e-03 
 3.3810290e-03 
 1.5678710e-03 
 5.5026650e-03 
 1.0780140e-02 
 7.7572200e-03 
 7.8412580e-03 
 4.6778880e-03 
 1.6175600e-01 
 1.1080340e-02 
 8.5202970e+00 
 2.0093760e-02 
 3.3029820e-03 
 5.9646550e-03 
 1.6660750e-02 
 3.3172820e-03 
 1.0170760e-03 
 4.7561550e-03 
 2.5359220e-02 
 1.0351510e-02 
 5.5086040e-02 
 6.7955340e-03 
 9.9844580e-04 
 3.9955570e-03 
 3.5121940e-03 
 3.9011600e-03 
 3.6789990e-03 
 3.5928870e-03 
 2.9842630e-03 
 4.1984950e-03 
 1.2757920e-02 
 8.1901050e-03 
 6.0639960e-02 
 3.1645070e-02 
 8.7143470e-03 
 5.8199290e-02 
 1.5228360e-01 
 4.9325370e-03 
 8.1125590e-03 
 3.4820140e-03 
 2.6002780e-03 
 1.9648420e-03 
 1.0664270e-02 
 1.5730570e-02 
 6.5767050e-03 
 1.8827160e-02 
 4.0506580e-02 
 8.6907210e-03 
 8.2650890e-03 
 1.4857130e-03 
 2.8113700e-03 
 6.8425270e-03 
 1.0547880e-02 
 3.0402850e-03 
 2.5986110e-03 
 1.1962020e-02 
 2.0560280e-02 
 4.4576420e-02 
 7.2881880e-03 
 7.4269390e-03 
 9.6324500e-02 
 2.6199420e-03 
 1.8600910e-02 
 9.8424990e-03 
 7.7997140e-03 
 2.9682470e-03 
 2.8483730e-03 
 1.6276410e-02 
 3.3775790e-04 
 1.5693720e-02 
 4.4968230e-03 
 4.1024570e-03 
 1.2190950e-02 
 5.7913880e-03 
 4.9218270e-03 
 4.8738490e-03 
 1.2063800e-02 
 5.2791270e-03 
 9.8670530e-03 
 5.3548240e-03 
 2.7529550e-02 
 5.3718050e-02 
 1.6412620e-02 
 6.5618530e-03 
 3.6862400e-03 
 6.8070060e-03 
 2.1222340e-02 
 1.1371250e-02 
 4.0598180e-03 
 5.8613560e-03 
 5.5998310e-03 
 1.7448880e-03 
 1.6499410e-02 
 1.9306510e-03 
 6.3834510e-03 
 1.9382410e-02 
 3.9710510e-03 
 7.5808670e-03 
 1.3242210e-02 
 5.6979200e-03 
 5.6350740e-02 
 2.6986550e-02 
 6.1663230e-02 
 1.2162670e-02 
 4.2954360e-03 
 2.6847060e-02 
 1.3678210e-02 
 8.8488850e-02 
 1.1761480e-02 
 2.5435440e-03 
 1.7232690e-02 
 1.4920640e-02 
 7.3291700e-03 
 3.7120110e-03 
 1.6989890e-03 
 4.4367090e-03 
 1.4199300e-02 
 2.9073150e-03 
 3.2691560e-03 
 6.7421250e-04 
 8.2151630e-03 
 5.4517430e-03 
 9.2995520e-03 
 4.4589020e-03 
 6.9324140e-03 
 2.3808970e-02 
 0.0000000e+00 
 1.8606850e-01 
 1.7736210e-02 
 5.3121330e-03 
 7.3164920e-03 
 9.9731830e-03 
 4.7700700e-02 
 5.5415020e-03 
 3.0277000e-03 
 1.0023160e-02 
 3.9758540e-02 
 2.6245600e-03 
 3.1065170e-03 
 1.8391530e-03 
 1.1031220e-02 
 2.2649130e-02 
 2.3030110e-03 
 1.4177600e-02 
 4.2785830e-03 
 3.2155280e-03 
 6.0523090e-03 
 4.1756670e-03 
 5.5172640e-03 
 3.6456750e-03 
 7.8935040e-02 
 0.0000000e+00 
 3.5355560e-01 
 4.4852170e-03 
 8.5531490e-03 
 5.9163820e-03 
 8.3675940e-03 
 1.1496160e-01 
 2.8807710e-03 
 6.6935820e-03 
 6.3220980e-03 
 3.8551390e-02 
 6.7647430e-03 
 2.0746080e-02 
 6.9860540e-04 
 1.6538690e-02 
 2.3061540e-04 
 2.9375350e-02 
 6.2585220e-04 
 6.8148230e-03 
 2.5979990e-03 
 1.0577260e-02 
 1.7130030e-03 
 5.3462510e-04 
 6.1152070e-03 
 2.3730810e-01 
 9.9050200e-02 
 4.8338080e-02 
 1.4714020e-02 
 1.5366370e-01 
 6.3135250e-03 
 5.9393340e-03 
 3.7200610e-02 
 4.1583440e-03 
 6.9843660e-03 
 4.4329280e-02 
 1.0108510e-02 
 1.2074480e-02 
 2.2382270e-03 
 1.2815570e-02 
 1.0667480e-02 
 1.4983920e-02 
 4.6658480e-03 
 6.7698060e-03 
 4.2871510e-03 
 9.4706350e-03 
 1.7157190e-03 
 2.1731170e-03 
 3.6282330e-03 
 2.4036110e-03 
 1.9742880e-02 
 9.1293130e-02 
 8.3843180e-03 
 1.0827650e-02 
 4.7086620e-02 
 7.7061660e-03 
 1.1216670e-02 
 7.4257370e-02 
 6.7888280e-03 
 5.8225350e-03 
 3.0529900e-02 
 1.7826270e-02 
 3.8355630e-03 
 2.0026590e-03 
 8.5273140e-03 
 3.1472000e-03 
 2.8637050e-03 
 2.1151940e-03 
 2.4307700e-03 
 1.1803600e-02 
 1.0679350e-03 
 9.2243190e-03 
 2.7233830e-03 
 3.6971710e-03 
 6.4433200e-03 
 2.0911350e-02 
 5.0767450e-02 
 2.9881520e-03 
 1.3810910e-02 
 4.1170670e-02 
 7.8253040e-03 
 1.6874670e-02 
 2.8202820e-02 
 1.0906080e-02 
 1.2702460e-02 
 2.4760810e-02 
 3.4831060e-02 
 3.5648200e-03 
 2.6828220e-03 
 9.0218150e-03 
 3.3781870e-03 
 1.9242300e-03 
 2.8231960e-03 
 3.1256900e-03 
 4.5915230e-04 
 5.1500580e-03 
 1.6324350e-03 
 9.4234380e-03 
 7.2172280e-04 
 1.2266750e-02 
 1.0472300e-02 
 5.3096160e-02 
 5.7044140e-03 
 2.3601620e-02 
 1.8382930e-02 
 7.0757050e-03 
 2.9108160e-02 
 1.5109750e-02 
 3.0950100e-02 
 1.6412250e-02 
 2.3804820e-02 
 2.9551840e-01 
 1.0468170e-01 
 1.5985940e-02 
 2.4175770e-02 
 1.5130430e-02 
 7.2726550e-03 
 1.3576680e-03 
 8.0478460e-03 
 1.5188790e-03 
 1.6018010e-02 
 3.8824980e-03 
 2.7358350e-03 
 1.8431310e-03 
 3.8875300e-03 
 1.7609400e-02 
 1.4099540e-01 
 1.2031390e-02 
 1.5321680e-02 
 8.5743030e-03 
 8.7916580e-03 
 9.9180410e-03 
 1.9682020e-02 
 1.9519140e-02 
 6.1317290e+00 
 0.0000000e+00 
 1.2735960e-02 
 1.7773030e-01 
 6.2828730e-01 
 1.0650930e-01 
 2.0111880e-02 
 3.3613690e-02 
 3.0555460e-02 
 4.2046140e-03 
 4.9150320e-03 
 1.4346890e-03 
 3.8762440e-03 
 5.6364910e-03 
 5.7895500e-03 
 2.6158270e-02 
 1.6559970e-02 
 3.3202890e-01 
 2.1935220e-03 
 5.3612090e-02 
 2.2970950e-02 
 1.2092210e-02 
 2.5991220e-03 
 4.4006570e-03 
 2.2506880e-01 
 0.0000000e+00 
 0.0000000e+00 
 0.0000000e+00 
 8.7692060e-02 
 2.4230190e-01 
 1.9680870e-01 
 2.9982150e-01 
 2.8274560e-02 
 3.0671350e-03 
 1.6774630e-02 
 4.9970730e-03 
 7.4997190e-03 
 1.4770140e-02 
 5.6679650e-03 
 3.7409190e-03 
 1.1315890e-02 
 1.2213300e-01 
 5.7735370e-02 
 7.0363580e-03 
 1.8580070e-01 
 3.0177320e-02 
 8.5375210e-03 
 1.0676750e-02 
 5.3145580e-02 
 2.6499030e-02 
 4.0395160e-01 
 0.0000000e+00 
 0.0000000e+00 
 0.0000000e+00 
 0.0000000e+00 
 0.0000000e+00 
 0.0000000e+00 
 0.0000000e+00 
 0.0000000e+00 
 1.0838780e-01 
 4.7496310e-02 
 7.1693300e-02 
 3.2009210e-02 
 6.4632260e-01 
 0.0000000e+00 
 0.0000000e+00 
 5.7187590e-01 
 4.2590450e-01 
 9.1801070e-02 
 5.9396640e-01 
 5.4733760e-02 
 1.0144830e-02 
 4.4747910e-03 
 6.1318090e-03 
 5.8278320e-02 
 0.0000000e+00 
 0.0000000e+00 
 0.0000000e+00 
 0.0000000e+00 
 0.0000000e+00 
 0.0000000e+00 
 0.0000000e+00 
 0.0000000e+00 
 0.0000000e+00 
 0.0000000e+00 
 0.0000000e+00 
 0.0000000e+00 
 0.0000000e+00 
 0.0000000e+00 
 0.0000000e+00 
 0.0000000e+00 
 0.0000000e+00 
 0.0000000e+00 
 1.0011000e+01 
 7.9871670e-02 
 7.8164000e-03 
 2.3130250e-03 
 1.5256410e-03 
 4.4089990e-03 
 1.1588560e-01 
 0.0000000e+00 
 0.0000000e+00 
 0.0000000e+00 
 0.0000000e+00 
 0.0000000e+00 
 0.0000000e+00 
 0.0000000e+00 
 0.0000000e+00 
 0.0000000e+00 
 0.0000000e+00 
 0.0000000e+00 
 0.0000000e+00 
 0.0000000e+00 
 0.0000000e+00 
 0.0000000e+00 
 0.0000000e+00 
 0.0000000e+00 
 0.0000000e+00 
 1.2002650e-01 
 3.5458730e-02 
 2.5908750e-03 
 6.7600110e-03 
 3.4346090e-03 
 4.5013560e-03 
 0.0000000e+00 
 0.0000000e+00 
 0.0000000e+00 
 0.0000000e+00 
 0.0000000e+00 
 0.0000000e+00 
 0.0000000e+00 
 0.0000000e+00 
 0.0000000e+00 
 0.0000000e+00 
 0.0000000e+00 
 0.0000000e+00 
 0.0000000e+00 
 0.0000000e+00 
 0.0000000e+00 
 0.0000000e+00 
 0.0000000e+00 
 0.0000000e+00 
 0.0000000e+00 
 3.0122940e+00 
 1.7278060e-01 
 9.3918710e-03 
 7.1417640e-03 
 1.1636910e-02 
 3.1342430e-02 
 6.6135740e-01 
 5.9840650e-02 
 0.0000000e+00 
 0.0000000e+00 
 0.0000000e+00 
 0.0000000e+00 
 0.0000000e+00 
 0.0000000e+00 
 0.0000000e+00 
 0.0000000e+00 
 0.0000000e+00 
 0.0000000e+00 
 0.0000000e+00 
 0.0000000e+00 
 0.0000000e+00 
 0.0000000e+00 
 0.0000000e+00 
 0.0000000e+00 
 0.0000000e+00 
 4.1253810e-02 
 1.0094030e-02 
 5.1339660e-02 
 5.6843560e-03 
 9.7863220e-03 
 2.5424530e-02 
 0.0000000e+00 
 0.0000000e+00 
 0.0000000e+00 
 0.0000000e+00 
 0.0000000e+00 
 0.0000000e+00 
 0.0000000e+00 
 0.0000000e+00 
 0.0000000e+00 
 0.0000000e+00 
 0.0000000e+00 
 0.0000000e+00 
 0.0000000e+00 
 0.0000000e+00 
 0.0000000e+00 
 0.0000000e+00 
 0.0000000e+00 
 0.0000000e+00 
 0.0000000e+00 
 1.0011000e+01 
 1.8745170e-01 
 6.4967360e-03 
 7.3010480e-03 
 2.6193770e-02 
 1.5392690e-02 
 1.0011000e+01 
 0.0000000e+00 
 0.0000000e+00 
 0.0000000e+00 
 0.0000000e+00 
 0.0000000e+00 
 0.0000000e+00 
 0.0000000e+00 
 0.0000000e+00 
 0.0000000e+00 
 0.0000000e+00 
 0.0000000e+00 
 0.0000000e+00 
 0.0000000e+00 
 0.0000000e+00 
 0.0000000e+00 
 0.0000000e+00 
 0.0000000e+00 
 0.0000000e+00 
 1.9643190e-01 
 1.7809980e-02 
 1.4497810e-02 
 3.0891280e-03 
 1.9847100e-02 
 2.8948050e-02 
 0.0000000e+00 
 0.0000000e+00 
 0.0000000e+00 
 0.0000000e+00 
 0.0000000e+00 
 0.0000000e+00 
 0.0000000e+00 
 0.0000000e+00 
 0.0000000e+00 
 0.0000000e+00 
 0.0000000e+00 
 0.0000000e+00 
 0.0000000e+00 
 0.0000000e+00 
 0.0000000e+00 
 0.0000000e+00 
 0.0000000e+00 
 0.0000000e+00 
 0.0000000e+00 
 1.2150140e-01 
 9.2882790e-03 
 1.0584260e-02 
 8.1699490e-03 
 9.1895850e-02 
 3.8775840e-02 
 1.0011000e+01 
 0.0000000e+00 
 0.0000000e+00 
 0.0000000e+00 
 0.0000000e+00 
 0.0000000e+00 
 0.0000000e+00 
 0.0000000e+00 
 0.0000000e+00 
 0.0000000e+00 
 0.0000000e+00 
 0.0000000e+00 
 0.0000000e+00 
 0.0000000e+00 
 0.0000000e+00 
 0.0000000e+00 
 0.0000000e+00 
 0.0000000e+00 
 0.0000000e+00 
 1.4935940e+00 
 8.3644020e-04 
 5.5944750e-03 
 2.6102420e-02 
 8.9069820e-03 
 0.0000000e+00 
 0.0000000e+00 
 6.3563050e-01 
 0.0000000e+00 
 0.0000000e+00 
 0.0000000e+00 
 0.0000000e+00 
 0.0000000e+00 
 0.0000000e+00 
 0.0000000e+00 
 0.0000000e+00 
 0.0000000e+00 
 0.0000000e+00 
 0.0000000e+00 
 0.0000000e+00 
 0.0000000e+00 
 0.0000000e+00 
 0.0000000e+00 
 0.0000000e+00 
 0.0000000e+00 
 5.1598540e-02 
 2.6601250e-01 
 7.2456940e-03 
 8.4039620e-03 
 3.8346300e-02 
 6.0884010e+00 
 0.0000000e+00 
 7.4623920e-02 
 0.0000000e+00 
 0.0000000e+00 
 0.0000000e+00 
 0.0000000e+00 
 0.0000000e+00 
 0.0000000e+00 
 0.0000000e+00 
 0.0000000e+00 
 0.0000000e+00 
 0.0000000e+00 
 0.0000000e+00 
 0.0000000e+00 
 0.0000000e+00 
 0.0000000e+00 
 0.0000000e+00 
 0.0000000e+00 
 0.0000000e+00 
 6.7527710e-02 
 2.9890150e-01 
 4.1373610e-03 
 1.2744730e-02 
 1.8978310e-02 
 0.0000000e+00 
 0.0000000e+00 
 0.0000000e+00 
 0.0000000e+00 
 0.0000000e+00 
 0.0000000e+00 
 0.0000000e+00 
 0.0000000e+00 
 0.0000000e+00 
 0.0000000e+00 
 0.0000000e+00 
 0.0000000e+00 
 0.0000000e+00 
 0.0000000e+00 
 0.0000000e+00 
 0.0000000e+00 
 0.0000000e+00 
 0.0000000e+00 
 0.0000000e+00 
 0.0000000e+00 
 6.9070120e+00 
 1.3191620e-02 
 2.1500990e-03 
 1.2750770e-02 
 4.9813330e-02 
 1.0011000e+01 
 0.0000000e+00 
 0.0000000e+00 
 0.0000000e+00 
 0.0000000e+00 
 1.2188440e+00 
 1.7687590e-01 
 0.0000000e+00 
 0.0000000e+00 
 0.0000000e+00 
 0.0000000e+00 
 0.0000000e+00 
 0.0000000e+00 
 0.0000000e+00 
 0.0000000e+00 
 0.0000000e+00 
 0.0000000e+00 
 0.0000000e+00 
 0.0000000e+00 
 0.0000000e+00 
 5.2416190e-02 
 8.5682470e-02 
 6.3095150e-03 
 3.1729060e-02 
 2.1914430e-01 
 1.0011000e+01 
 0.0000000e+00 
 0.0000000e+00 
 0.0000000e+00 
 0.0000000e+00 
 1.8673680e-01 
 4.0615500e-01 
 0.0000000e+00 
 0.0000000e+00 
 0.0000000e+00 
 0.0000000e+00 
 0.0000000e+00 
 0.0000000e+00 
 0.0000000e+00 
 0.0000000e+00 
 0.0000000e+00 
 0.0000000e+00 
 0.0000000e+00 
 0.0000000e+00 
 0.0000000e+00 
 6.5619370e-02 
 5.4946060e-02 
 7.3920550e-03 
 5.9634040e-01 
 1.9509090e+00 
 7.0273480e-01 
 1.9574290e-01 
 0.0000000e+00 
 0.0000000e+00 
 0.0000000e+00 
 0.0000000e+00 
 0.0000000e+00 
 0.0000000e+00 
 0.0000000e+00 
 0.0000000e+00 
 0.0000000e+00 
 0.0000000e+00 
 0.0000000e+00 
 0.0000000e+00 
 0.0000000e+00 
 0.0000000e+00 
 0.0000000e+00 
 0.0000000e+00 
 0.0000000e+00 
 0.0000000e+00 
 4.1384020e-01 
 3.7914960e-03 
 5.6715800e-03 
 1.0011000e+01 
 3.9977690e-02 
 1.8301140e-01 
 0.0000000e+00 
 0.0000000e+00 
 0.0000000e+00 
 0.0000000e+00 
 0.0000000e+00 
 0.0000000e+00 
 0.0000000e+00 
 0.0000000e+00 
 0.0000000e+00 
 0.0000000e+00 
 0.0000000e+00 
 0.0000000e+00 
 0.0000000e+00 
 0.0000000e+00 
 0.0000000e+00 
 0.0000000e+00 
 0.0000000e+00 
 0.0000000e+00 
 0.0000000e+00 
 3.2201430e-02 
 9.2168360e-04 
 4.9498670e-03 
 0.0000000e+00 
 1.8441730e-02 
 2.7049110e-03 
 1.3903030e-01 
 0.0000000e+00 
 0.0000000e+00 
 0.0000000e+00 
 0.0000000e+00 
 0.0000000e+00 
 0.0000000e+00 
 0.0000000e+00 
 0.0000000e+00 
 0.0000000e+00 
 0.0000000e+00 
 0.0000000e+00 
 0.0000000e+00 
 0.0000000e+00 
 0.0000000e+00 
 0.0000000e+00 
 0.0000000e+00 
 0.0000000e+00 
 2.5089400e-02 
 6.4955170e-02 
 4.1449300e-03 
 7.7196400e-03 
 0.0000000e+00 
 1.0034760e-01 
 7.8691550e-03 
 7.4342550e-03 
 7.6162250e-02 
 2.3843260e-01 
 1.7108850e+00 
 0.0000000e+00 
 0.0000000e+00 
 0.0000000e+00 
 0.0000000e+00 
 0.0000000e+00 
 0.0000000e+00 
 1.4813030e-01 
 0.0000000e+00 
 0.0000000e+00 
 0.0000000e+00 
 0.0000000e+00 
 9.9722470e-03 
 0.0000000e+00 
 0.0000000e+00 
 0.0000000e+00 
 3.3182450e-03 
 6.0016190e-04 
 5.6131190e-03 
 0.0000000e+00 
 0.0000000e+00 
 2.7229760e-01 
 7.3355780e-03 
 6.4778080e-02 
 1.1639840e-01 
 1.6765540e-01 
 0.0000000e+00 
 0.0000000e+00 
 0.0000000e+00 
 0.0000000e+00 
 0.0000000e+00 
 0.0000000e+00 
 1.8121190e-01 
 6.5565200e-01 
 0.0000000e+00 
 0.0000000e+00 
 0.0000000e+00 
 4.9594680e+00 
 4.7287230e-02 
 0.0000000e+00 
 4.6342200e-01 
 1.6057500e-03 
 3.5850540e-03 
 4.4444580e-03 
 0.0000000e+00 
 0.0000000e+00 
 0.0000000e+00 
 1.1859890e-01 
 1.9076660e-02 
 1.5385160e-01 
 0.0000000e+00 
 0.0000000e+00 
 0.0000000e+00 
 0.0000000e+00 
 0.0000000e+00 
 0.0000000e+00 
 5.4633300e-01 
 3.1761730e-01 
 9.5526620e-01 
 0.0000000e+00 
 0.0000000e+00 
 0.0000000e+00 
 0.0000000e+00 
 0.0000000e+00 
 0.0000000e+00 
 7.7963290e-02 
 6.6436150e-03 
 3.4051830e-03 
 3.7543090e-03 
 0.0000000e+00 
 0.0000000e+00 
 0.0000000e+00 
 0.0000000e+00 
 1.7400490e-01 
 1.2073260e-02 
 2.6224040e-01 
 2.0990730e-01 
 0.0000000e+00 
 0.0000000e+00 
 0.0000000e+00 
 0.0000000e+00 
 0.0000000e+00 
 0.0000000e+00 
 0.0000000e+00 
 0.0000000e+00 
 3.3819400e-02 
 8.8513300e-01 
 2.9111500e-01 
 0.0000000e+00 
 0.0000000e+00 
 1.5015060e-02 
 1.6456920e-02 
 7.5769700e-03 
 2.0550700e-02 
 0.0000000e+00 
 0.0000000e+00 
 0.0000000e+00 
 0.0000000e+00 
 0.0000000e+00 
 7.7343920e-02 
 5.1495490e-02 
 4.4672200e-02 
 7.7998880e-01 
 5.9723920e-02 
 0.0000000e+00 
 0.0000000e+00 
 0.0000000e+00 
 0.0000000e+00 
 4.8455570e-01 
 0.0000000e+00 
 0.0000000e+00 
 0.0000000e+00 
 0.0000000e+00 
 0.0000000e+00 
 0.0000000e+00 
 6.0453450e-03 
 3.6183110e-02 
 5.6868850e-02 
 1.9303290e-01 
 0.0000000e+00 
 0.0000000e+00 
 0.0000000e+00 
 0.0000000e+00 
 0.0000000e+00 
 0.0000000e+00 
 1.0554390e-01 
 4.1487040e-02 
 9.1134430e-02 
 5.9285090e+00 
 0.0000000e+00 
 0.0000000e+00 
 0.0000000e+00 
 4.3618830e-01 
 2.8110960e-01 
 0.0000000e+00 
 0.0000000e+00 
 0.0000000e+00 
 0.0000000e+00 
 0.0000000e+00 
 2.7588460e-01 
 3.6459760e-02 
 1.7131870e-02 
 2.3042860e-01 
 0.0000000e+00 
 0.0000000e+00 
 0.0000000e+00 
 0.0000000e+00 
 0.0000000e+00 
 0.0000000e+00 
 0.0000000e+00 
 0.0000000e+00 
 1.5556030e-01 
 2.8268780e-02 
 1.5136360e+00 
 3.7789270e-02 
 0.0000000e+00 
 2.7262280e+00 
 1.0669680e-01 
 0.0000000e+00 
 0.0000000e+00 
 0.0000000e+00 
 0.0000000e+00 
 0.0000000e+00 
 2.8423900e+00 
 9.4957190e-01 
 2.8975630e-02 
 6.2129300e-02 
 6.7808940e-02 
 0.0000000e+00 
 0.0000000e+00 
 0.0000000e+00 
 0.0000000e+00 
 0.0000000e+00 
 0.0000000e+00 
 0.0000000e+00 
 0.0000000e+00 
 0.0000000e+00 
 3.8868470e-01 
 9.3726770e-03 
 4.3216950e-01 
 1.5211190e+00 
 8.8459590e-02 
 7.1086420e-02 
 1.7491750e-01 
 7.0395880e-02 
 0.0000000e+00 
 0.0000000e+00 
 7.4156140e-01 
 0.0000000e+00 
 6.7468200e-01 
 6.9814980e-02 
 7.3891730e-02 
 0.0000000e+00 
 0.0000000e+00 
 0.0000000e+00 
 0.0000000e+00 
 0.0000000e+00 
 0.0000000e+00 
 0.0000000e+00 
 0.0000000e+00 
 0.0000000e+00 
 0.0000000e+00 
 0.0000000e+00 
 0.0000000e+00 
 9.7938140e-02 
 1.0296580e-02 
 8.3457530e-02 
 3.8149000e-02 
 6.2729520e-02 
 1.0047340e-01 
 7.6824250e-02 
 1.3867990e+00 
 4.6682700e-02 
 0.0000000e+00 
 3.5090150e-02 
 2.9670380e-01 
 1.6996750e+00 
 0.0000000e+00 
 0.0000000e+00 
 0.0000000e+00 
 0.0000000e+00 
 0.0000000e+00 
 0.0000000e+00 
 0.0000000e+00 
 0.0000000e+00 
 0.0000000e+00 
 0.0000000e+00 
 0.0000000e+00 
 0.0000000e+00 
 0.0000000e+00 
 0.0000000e+00 
 0.0000000e+00 
 0.0000000e+00 
 3.7306160e+00 
 7.4483860e-02 
 4.2048720e-02 
 5.5046880e-03 
 1.0256790e-01 
 2.1629700e-02 
 3.6780680e-02 
 2.1471450e-01 
 0.0000000e+00 
 0.0000000e+00 
 0.0000000e+00 
 0.0000000e+00 
 0.0000000e+00 
 0.0000000e+00 
 0.0000000e+00 
 0.0000000e+00 
 0.0000000e+00 
 0.0000000e+00 
 0.0000000e+00 
 0.0000000e+00 
 0.0000000e+00 
 0.0000000e+00 
 0.0000000e+00 
 0.0000000e+00 
 0.0000000e+00 
 0.0000000e+00 
 0.0000000e+00 
 0.0000000e+00 
 0.0000000e+00 
 5.3574600e-01 
 4.3299720e+00 
 0.0000000e+00 
 0.0000000e+00 
 0.0000000e+00 
 0.0000000e+00 
 0.0000000e+00 
 0.0000000e+00 
 0.0000000e+00 
 0.0000000e+00 
 0.0000000e+00 
 0.0000000e+00 
 0.0000000e+00 
 0.0000000e+00 
 0.0000000e+00 
 0.0000000e+00 
 0.0000000e+00 
 0.0000000e+00 
 0.0000000e+00 
 0.0000000e+00 
 0.0000000e+00 
 0.0000000e+00 
 0.0000000e+00 
 0.0000000e+00 
 0.0000000e+00 
 0.0000000e+00 
 0.0000000e+00 
 0.0000000e+00 
 0.0000000e+00 
 0.0000000e+00 
 0.0000000e+00 
 0.0000000e+00 
 0.0000000e+00 
 0.0000000e+00 
 0.0000000e+00 
 0.0000000e+00 
 0.0000000e+00 
 0.0000000e+00 
 0.0000000e+00 
 0.0000000e+00 
 0.0000000e+00 
 0.0000000e+00 
 0.0000000e+00 
 0.0000000e+00 
 0.0000000e+00 
 0.0000000e+00 
 0.0000000e+00 
 0.0000000e+00 
 0.0000000e+00 
 0.0000000e+00 
 0.0000000e+00 
 0.0000000e+00 
 0.0000000e+00 
 0.0000000e+00 
 0.0000000e+00 
 0.0000000e+00 
 0.0000000e+00 
 0.0000000e+00 
 0.0000000e+00 
 0.0000000e+00 
 0.0000000e+00 
 0.0000000e+00 
 0.0000000e+00 
 0.0000000e+00 
 0.0000000e+00 
 0.0000000e+00 
 0.0000000e+00 
 0.0000000e+00 
 0.0000000e+00 
 0.0000000e+00 
 0.0000000e+00 
 0.0000000e+00 
 0.0000000e+00 
 0.0000000e+00 
 0.0000000e+00 
 0.0000000e+00 
 0.0000000e+00 
 0.0000000e+00 
 0.0000000e+00 
 0.0000000e+00 
 0.0000000e+00 
 0.0000000e+00 
 0.0000000e+00 
 0.0000000e+00 
 0.0000000e+00 
 0.0000000e+00 
 0.0000000e+00 
 0.0000000e+00 
 0.0000000e+00 
 0.0000000e+00 
 0.0000000e+00 
 0.0000000e+00 
 0.0000000e+00 
 0.0000000e+00 
 0.0000000e+00 
 0.0000000e+00 
 0.0000000e+00 
 0.0000000e+00 
 0.0000000e+00 
 0.0000000e+00 
 0.0000000e+00 
 0.0000000e+00 
 0.0000000e+00 
 0.0000000e+00 
 0.0000000e+00 
 0.0000000e+00 
 0.0000000e+00 
 0.0000000e+00 
 0.0000000e+00 
 0.0000000e+00 
 0.0000000e+00 
 0.0000000e+00 
 0.0000000e+00 
 0.0000000e+00 
 0.0000000e+00 
 0.0000000e+00 
 0.0000000e+00 
 0.0000000e+00 
 0.0000000e+00 
 0.0000000e+00 
 0.0000000e+00 
 0.0000000e+00 
 0.0000000e+00 
 0.0000000e+00 
 0.0000000e+00 
 0.0000000e+00 
 0.0000000e+00 
 0.0000000e+00 
 0.0000000e+00 
 0.0000000e+00 
 0.0000000e+00 
 0.0000000e+00 
 0.0000000e+00 
 0.0000000e+00 
 0.0000000e+00 
 0.0000000e+00 
 0.0000000e+00 
 0.0000000e+00 
 0.0000000e+00 
 0.0000000e+00 
 0.0000000e+00 
 0.0000000e+00 
 0.0000000e+00 
 0.0000000e+00 
 0.0000000e+00 
 0.0000000e+00 
 0.0000000e+00 
 0.0000000e+00 
 0.0000000e+00 
 0.0000000e+00 
 0.0000000e+00 
 0.0000000e+00 
 0.0000000e+00 
 0.0000000e+00 
 0.0000000e+00 
 0.0000000e+00 
 0.0000000e+00 
 0.0000000e+00 
 0.0000000e+00 
 0.0000000e+00 
 0.0000000e+00 
 0.0000000e+00 
 0.0000000e+00 
 0.0000000e+00 
 0.0000000e+00 
 0.0000000e+00 
 0.0000000e+00 
 0.0000000e+00 
 0.0000000e+00 
 0.0000000e+00 
 0.0000000e+00 
 0.0000000e+00 
 0.0000000e+00 
 0.0000000e+00 
 0.0000000e+00 
 0.0000000e+00 
 0.0000000e+00 
 0.0000000e+00 
 0.0000000e+00 
 0.0000000e+00 
 0.0000000e+00 
 0.0000000e+00 
 0.0000000e+00 
 0.0000000e+00 
 0.0000000e+00 
 0.0000000e+00 
 0.0000000e+00 
 0.0000000e+00 
 0.0000000e+00 
 0.0000000e+00 
 0.0000000e+00 
 0.0000000e+00 
 0.0000000e+00 
 0.0000000e+00 
 0.0000000e+00 
 0.0000000e+00 
 0.0000000e+00 
 0.0000000e+00 
 0.0000000e+00 
 0.0000000e+00 
 0.0000000e+00 
 0.0000000e+00 
 0.0000000e+00 
 0.0000000e+00 
 0.0000000e+00 
 0.0000000e+00 
 0.0000000e+00 
 0.0000000e+00 
 0.0000000e+00 
 0.0000000e+00 
 0.0000000e+00 
 0.0000000e+00 
 0.0000000e+00 
 0.0000000e+00 
 0.0000000e+00 
 0.0000000e+00 
 0.0000000e+00 
 0.0000000e+00 
 0.0000000e+00 
 0.0000000e+00 
 0.0000000e+00 
 0.0000000e+00 
 0.0000000e+00 
 0.0000000e+00 
 0.0000000e+00 
 0.0000000e+00 
 0.0000000e+00 
 0.0000000e+00 
 0.0000000e+00 
 0.0000000e+00 
 0.0000000e+00 
 0.0000000e+00 
 0.0000000e+00 
 0.0000000e+00 
 0.0000000e+00 
 0.0000000e+00 
 0.0000000e+00 
 0.0000000e+00 
 0.0000000e+00 
 0.0000000e+00 
 0.0000000e+00 
 0.0000000e+00 
 0.0000000e+00 
 0.0000000e+00 
 0.0000000e+00 
 0.0000000e+00 
 0.0000000e+00 
 0.0000000e+00 
 0.0000000e+00 
 0.0000000e+00 
 0.0000000e+00 
 0.0000000e+00 
 0.0000000e+00 
 0.0000000e+00 
 0.0000000e+00 
 0.0000000e+00 
 0.0000000e+00 
 0.0000000e+00 
 0.0000000e+00 
 0.0000000e+00 
 0.0000000e+00 
 0.0000000e+00 
 0.0000000e+00 
 0.0000000e+00 
 0.0000000e+00 
 0.0000000e+00 
 0.0000000e+00 
 0.0000000e+00 
 0.0000000e+00 
 0.0000000e+00 
 0.0000000e+00 
 0.0000000e+00 
 0.0000000e+00 
 0.0000000e+00 
 0.0000000e+00 
 0.0000000e+00 
 0.0000000e+00 
 0.0000000e+00 
 0.0000000e+00 
 0.0000000e+00 
 0.0000000e+00 
 0.0000000e+00 
 0.0000000e+00 
 0.0000000e+00 
 0.0000000e+00 
 0.0000000e+00 
 0.0000000e+00 
 0.0000000e+00 
 0.0000000e+00 
 0.0000000e+00 
 0.0000000e+00 
 0.0000000e+00 
 0.0000000e+00 
 0.0000000e+00 
 0.0000000e+00 
 0.0000000e+00 
 0.0000000e+00 
 0.0000000e+00 
 0.0000000e+00 
 0.0000000e+00 
 0.0000000e+00 
 0.0000000e+00 
 0.0000000e+00 
 0.0000000e+00 
 0.0000000e+00 
 0.0000000e+00 
 0.0000000e+00 
 0.0000000e+00 
 0.0000000e+00 
 0.0000000e+00 
 0.0000000e+00 
 0.0000000e+00 
 0.0000000e+00 
 0.0000000e+00 
 0.0000000e+00 
 0.0000000e+00 
 0.0000000e+00 
 0.0000000e+00 
 0.0000000e+00 
 0.0000000e+00 
 0.0000000e+00 
 0.0000000e+00 
 0.0000000e+00 
 0.0000000e+00 
 0.0000000e+00 
 0.0000000e+00 
 0.0000000e+00 
 0.0000000e+00 
 0.0000000e+00 
 0.0000000e+00 
 0.0000000e+00 
 0.0000000e+00 
 0.0000000e+00 
 0.0000000e+00 
 0.0000000e+00 
 0.0000000e+00 
 0.0000000e+00 
 0.0000000e+00 
 0.0000000e+00 
 0.0000000e+00 
 0.0000000e+00 
 0.0000000e+00 
 0.0000000e+00 
 0.0000000e+00 
 0.0000000e+00 
 0.0000000e+00 
 0.0000000e+00 
 0.0000000e+00 
 0.0000000e+00 
 0.0000000e+00 
 0.0000000e+00 
 0.0000000e+00 
 0.0000000e+00 
 0.0000000e+00 
 0.0000000e+00 
 0.0000000e+00 
 0.0000000e+00 
 0.0000000e+00 
 0.0000000e+00 
 0.0000000e+00 
 0.0000000e+00 
 0.0000000e+00 
 0.0000000e+00 
 0.0000000e+00 
 0.0000000e+00 
 0.0000000e+00 
 0.0000000e+00 
 0.0000000e+00 
 0.0000000e+00 
 0.0000000e+00 
 0.0000000e+00 
 0.0000000e+00 
 0.0000000e+00 
 0.0000000e+00 
 0.0000000e+00 
 0.0000000e+00 
 0.0000000e+00 
 0.0000000e+00 
 0.0000000e+00 
 0.0000000e+00 
 0.0000000e+00 
 0.0000000e+00 
 0.0000000e+00 
 0.0000000e+00 
 0.0000000e+00 
 0.0000000e+00 
 0.0000000e+00 
 0.0000000e+00 
 0.0000000e+00 
 0.0000000e+00 
 0.0000000e+00 
 0.0000000e+00 
 0.0000000e+00 
 0.0000000e+00 
 0.0000000e+00 
 0.0000000e+00 
 0.0000000e+00 
 0.0000000e+00 
 0.0000000e+00 
 0.0000000e+00 
 0.0000000e+00 
 0.0000000e+00 
 0.0000000e+00 
 0.0000000e+00 
 0.0000000e+00 
 0.0000000e+00 
 0.0000000e+00 
 0.0000000e+00 
 0.0000000e+00 
 0.0000000e+00 
 0.0000000e+00 
 0.0000000e+00 
 0.0000000e+00 
 0.0000000e+00 
 0.0000000e+00 
 0.0000000e+00 
 0.0000000e+00 
 0.0000000e+00 
 0.0000000e+00 
 0.0000000e+00 
 0.0000000e+00 
 0.0000000e+00 
 0.0000000e+00 
 0.0000000e+00 
 0.0000000e+00 
 0.0000000e+00 
 0.0000000e+00 
 0.0000000e+00 
 0.0000000e+00 
 0.0000000e+00 
 0.0000000e+00 
 0.0000000e+00 
 0.0000000e+00 
 0.0000000e+00 
 0.0000000e+00 
 0.0000000e+00 
 0.0000000e+00 
 0.0000000e+00 
 0.0000000e+00 
 0.0000000e+00 
 0.0000000e+00 
 0.0000000e+00 
 0.0000000e+00 
 0.0000000e+00 
 0.0000000e+00 
 0.0000000e+00 
 0.0000000e+00 
 0.0000000e+00 
 0.0000000e+00 
 0.0000000e+00 
 0.0000000e+00 
 0.0000000e+00 
 0.0000000e+00 
 0.0000000e+00 
 0.0000000e+00 
 0.0000000e+00 
 0.0000000e+00 
 0.0000000e+00 
 0.0000000e+00 
 0.0000000e+00 
 0.0000000e+00 
 0.0000000e+00 
 0.0000000e+00 
 0.0000000e+00 
 0.0000000e+00 
 0.0000000e+00 
 0.0000000e+00 
 0.0000000e+00 
 0.0000000e+00 
 0.0000000e+00 
 0.0000000e+00 
 0.0000000e+00 
 0.0000000e+00 
 0.0000000e+00 
 0.0000000e+00 
 0.0000000e+00 
 0.0000000e+00 
 0.0000000e+00 
 0.0000000e+00 
 0.0000000e+00 
 0.0000000e+00 
 0.0000000e+00 
 0.0000000e+00 
 0.0000000e+00 
 0.0000000e+00 
 0.0000000e+00 
 0.0000000e+00 
 0.0000000e+00 
 0.0000000e+00 
 0.0000000e+00 
 0.0000000e+00 
 0.0000000e+00 
 0.0000000e+00 
 0.0000000e+00 
 0.0000000e+00 
 0.0000000e+00 
 0.0000000e+00 
 0.0000000e+00 
 0.0000000e+00 
 0.0000000e+00 
 0.0000000e+00 
 0.0000000e+00 
 0.0000000e+00 
 0.0000000e+00 
 0.0000000e+00 
 0.0000000e+00 
 0.0000000e+00 
 0.0000000e+00 
 0.0000000e+00 
 0.0000000e+00 
 0.0000000e+00 
 0.0000000e+00 
 0.0000000e+00 
 0.0000000e+00 
 0.0000000e+00 
 0.0000000e+00 
 0.0000000e+00 
 0.0000000e+00 
 0.0000000e+00 
 0.0000000e+00 
 0.0000000e+00 
 0.0000000e+00 
 0.0000000e+00 
 0.0000000e+00 
 0.0000000e+00 
 0.0000000e+00 
 0.0000000e+00 
 0.0000000e+00 
 0.0000000e+00 
 0.0000000e+00 
 0.0000000e+00 
 0.0000000e+00 
 0.0000000e+00 
 0.0000000e+00 
 0.0000000e+00 
 0.0000000e+00 
 0.0000000e+00 
 0.0000000e+00 
 0.0000000e+00 
 0.0000000e+00 
 0.0000000e+00 
 0.0000000e+00 
 0.0000000e+00 
 0.0000000e+00 
 0.0000000e+00 
 0.0000000e+00 
 0.0000000e+00 
 0.0000000e+00 
 0.0000000e+00 
 0.0000000e+00 
 0.0000000e+00 
 0.0000000e+00 
 0.0000000e+00 
 0.0000000e+00 
 0.0000000e+00 
 0.0000000e+00 
 0.0000000e+00 
 0.0000000e+00 
 0.0000000e+00 
 0.0000000e+00 
 0.0000000e+00 
 0.0000000e+00 
 0.0000000e+00 
 0.0000000e+00 
 0.0000000e+00 
 0.0000000e+00 
 0.0000000e+00 
 0.0000000e+00 
 0.0000000e+00 
 0.0000000e+00 
 0.0000000e+00 
 0.0000000e+00 
 0.0000000e+00 
 0.0000000e+00 
 0.0000000e+00 
 0.0000000e+00 
 0.0000000e+00 
 0.0000000e+00 
 0.0000000e+00 
 0.0000000e+00 
 0.0000000e+00 
 0.0000000e+00 
 0.0000000e+00 
 0.0000000e+00 
 0.0000000e+00 
 0.0000000e+00 
 0.0000000e+00 
 0.0000000e+00 
 0.0000000e+00 
 0.0000000e+00 
 0.0000000e+00 
 0.0000000e+00 
 0.0000000e+00 
 0.0000000e+00 
 0.0000000e+00 
 0.0000000e+00 
 0.0000000e+00 
 0.0000000e+00 
 0.0000000e+00 
 0.0000000e+00 
 0.0000000e+00 
 0.0000000e+00 
 0.0000000e+00 
 0.0000000e+00 
 0.0000000e+00 
 0.0000000e+00 
 0.0000000e+00 
 0.0000000e+00 
 0.0000000e+00 
 0.0000000e+00 
 0.0000000e+00 
 0.0000000e+00 
 0.0000000e+00 
 0.0000000e+00 
 0.0000000e+00 
 0.0000000e+00 
 0.0000000e+00 
 0.0000000e+00 
 0.0000000e+00 
 0.0000000e+00 
 0.0000000e+00 
 0.0000000e+00 
 0.0000000e+00 
 0.0000000e+00 
 0.0000000e+00 
 0.0000000e+00 
 0.0000000e+00 
 0.0000000e+00 
 0.0000000e+00 
 0.0000000e+00 
 0.0000000e+00 
 0.0000000e+00 
 0.0000000e+00 
 0.0000000e+00 
 0.0000000e+00 
 0.0000000e+00 
 0.0000000e+00 
 0.0000000e+00 
 0.0000000e+00 
 0.0000000e+00 
 0.0000000e+00 
 0.0000000e+00 
 0.0000000e+00 
 0.0000000e+00 
 0.0000000e+00 
 0.0000000e+00 
 0.0000000e+00 
 0.0000000e+00 
 0.0000000e+00 
 0.0000000e+00 
 0.0000000e+00 
 0.0000000e+00 
 0.0000000e+00 
 0.0000000e+00 
 0.0000000e+00 
 0.0000000e+00 
 0.0000000e+00 
 0.0000000e+00 
 0.0000000e+00 
 0.0000000e+00 
 0.0000000e+00 
 0.0000000e+00 
 0.0000000e+00 
 0.0000000e+00 
 0.0000000e+00 
 0.0000000e+00 
 0.0000000e+00 
 0.0000000e+00 
 0.0000000e+00 
 0.0000000e+00 
 0.0000000e+00 
 0.0000000e+00 
 0.0000000e+00 
 0.0000000e+00 
 0.0000000e+00 
 0.0000000e+00 
 0.0000000e+00 
 0.0000000e+00 
 0.0000000e+00 
 0.0000000e+00 
 0.0000000e+00 
 0.0000000e+00 
 0.0000000e+00 
 0.0000000e+00 
 0.0000000e+00 
 0.0000000e+00 
 0.0000000e+00 
 0.0000000e+00 
 0.0000000e+00 
 0.0000000e+00 
 0.0000000e+00 
 0.0000000e+00 
 0.0000000e+00 
 0.0000000e+00 
 0.0000000e+00 
 0.0000000e+00 
 0.0000000e+00 
 0.0000000e+00 
 0.0000000e+00 
 0.0000000e+00 
 0.0000000e+00 
 0.0000000e+00 
 0.0000000e+00 
 0.0000000e+00 
 0.0000000e+00 
 0.0000000e+00 
 0.0000000e+00 
 0.0000000e+00 
 0.0000000e+00 
 0.0000000e+00 
 0.0000000e+00 
 0.0000000e+00 
 0.0000000e+00 
 0.0000000e+00 
 0.0000000e+00 
 0.0000000e+00 
 0.0000000e+00 
 0.0000000e+00 
 0.0000000e+00 
 0.0000000e+00 
 0.0000000e+00 
 0.0000000e+00 
 0.0000000e+00 
 0.0000000e+00 
 0.0000000e+00 
 0.0000000e+00 
 0.0000000e+00 
 0.0000000e+00 
 0.0000000e+00 
 0.0000000e+00 
 0.0000000e+00 
 0.0000000e+00 
 0.0000000e+00 
 0.0000000e+00 
 0.0000000e+00 
 0.0000000e+00 
 0.0000000e+00 
 0.0000000e+00 
 0.0000000e+00 
 0.0000000e+00 
 0.0000000e+00 
 0.0000000e+00 
 0.0000000e+00 
 0.0000000e+00 
 0.0000000e+00 
 0.0000000e+00 
 0.0000000e+00 
 0.0000000e+00 
 0.0000000e+00 
 0.0000000e+00 
 0.0000000e+00 
 0.0000000e+00 
 0.0000000e+00 
 0.0000000e+00 
 0.0000000e+00 
 0.0000000e+00 
 0.0000000e+00 
