 3.9969750e-03 
 2.5800070e-03 
 5.6130560e-03 
 6.4763380e-03 
 1.2509150e-02 
 5.2228990e-03 
 4.4051540e-03 
 5.8423100e-03 
 4.4872330e-03 
 4.3023480e-03 
 4.6512290e-03 
 4.4351170e-03 
 3.1671130e-02 
 1.1724380e-02 
 6.7625770e-03 
 7.6697100e-03 
 1.1869640e-02 
 4.8896420e-03 
 6.7556920e-03 
 5.6957280e-03 
 6.5354640e-03 
 3.3517640e-03 
 1.4010980e-03 
 6.8784580e-03 
 4.2988910e-02 
 3.8659910e-04 
 2.3907010e-03 
 5.1557220e-03 
 2.5844440e-03 
 6.2463330e-03 
 8.4033280e-03 
 3.3223140e-03 
 8.0930070e-03 
 5.0113850e-03 
 4.0355270e-03 
 4.1575290e-04 
 8.7203500e-03 
 1.0584200e-02 
 9.1077370e-03 
 5.7340070e-03 
 2.7735010e-03 
 2.9139800e-03 
 1.6775430e-03 
 2.7152050e-03 
 5.4156980e-03 
 4.3496910e-03 
 4.2897990e-03 
 1.4551130e-03 
 2.6809020e-03 
 5.7353160e-03 
 8.9137480e-04 
 1.1886110e-03 
 1.0950040e-03 
 4.9509370e-03 
 8.6924630e-03 
 1.2246150e-02 
 2.6986730e-02 
 8.8428500e-03 
 3.5570610e-03 
 4.7099980e-03 
 4.6179680e-03 
 1.2261600e-02 
 1.9024400e-02 
 1.0443780e-02 
 2.5050480e-03 
 5.1055830e-03 
 5.9995410e-03 
 4.1636920e-03 
 3.2688860e-03 
 1.4792580e-03 
 8.3327150e-04 
 2.0283900e-03 
 2.6460200e-03 
 3.6576220e-03 
 3.3772430e-03 
 4.4241220e-03 
 2.1912250e-03 
 1.0365260e-03 
 1.3719660e-03 
 3.6485960e-03 
 1.9193170e-03 
 5.2807540e-03 
 5.2871190e-03 
 4.4080350e-03 
 3.1666650e-03 
 2.5587980e-03 
 7.0064940e-03 
 2.0978590e-02 
 7.0530120e-03 
 5.5096100e-03 
 6.2439120e-03 
 4.6249050e-03 
 2.8284000e-03 
 1.2618860e-03 
 4.3311110e-04 
 6.3479890e-04 
 8.0454790e-04 
 1.6610490e-03 
 2.9424650e-03 
 3.1900970e-03 
 1.1422120e-02 
 3.5370400e-03 
 3.5153510e-03 
 1.9863100e-03 
 1.2090230e-03 
 3.7804920e-03 
 8.9119390e-04 
 1.7875710e-03 
 3.0613750e-03 
 2.3500060e-03 
 2.7749540e-03 
 1.0745930e-02 
 1.0089170e-02 
 1.3169290e-02 
 1.1131340e-02 
 9.1921610e-03 
 5.7347230e-03 
 4.2024350e-03 
 1.4453290e-03 
 1.6093160e-04 
 6.7504320e-04 
 1.4592950e-03 
 1.7358500e-03 
 1.7288300e-03 
 3.5358620e-03 
 1.6825550e-02 
 5.4683640e-03 
 3.2657260e-03 
 4.7651850e-03 
 7.0521140e-03 
 3.3386260e-03 
 2.8723620e-03 
 1.5091870e-03 
 2.9080420e-03 
 3.3459280e-03 
 3.1808910e-03 
 4.3754360e-03 
 3.7263680e-03 
 3.7744610e-03 
 9.6576290e-03 
 8.1105730e-03 
 8.4394460e-03 
 3.9560850e-03 
 1.2270690e-03 
 8.9302000e-04 
 5.0788230e-04 
 2.9413330e-03 
 2.9837170e-03 
 2.1005750e-03 
 1.9913410e-03 
 1.8809270e-02 
 4.2017070e-03 
 1.8321680e-03 
 2.9258730e-03 
 3.2692350e-03 
 3.1109540e-03 
 2.3074270e-03 
 1.1724230e-03 
 2.2613580e-03 
 1.7400940e-03 
 2.4764070e-03 
 3.3356300e-03 
 2.5090490e-03 
 1.2762910e-03 
 1.8568600e-03 
 2.8903500e-03 
 2.9831920e-03 
 2.1322880e-03 
 1.3118110e-03 
 1.2010310e-03 
 2.1208720e-03 
 5.0233250e-03 
 5.3770280e-03 
 2.5600120e-03 
 1.2876830e-03 
 6.4639830e-03 
 1.7137300e-03 
 1.9701450e-03 
 1.9100050e-03 
 1.2158280e-03 
 1.2582980e-03 
 1.1256790e-03 
 1.1225310e-03 
 2.1916720e-03 
 1.6950820e-03 
 2.5656070e-03 
 2.5761240e-03 
 1.1855550e-03 
 5.5138410e-04 
 4.9117080e-04 
 5.4307280e-04 
 1.2429420e-03 
 1.5355230e-03 
 9.5437110e-04 
 1.1600450e-03 
 3.4252360e-03 
 6.6864220e-03 
 1.8164110e-02 
 3.5483770e-03 
 1.4670890e-03 
 2.4642750e-03 
 1.1204200e-03 
 1.8604180e-03 
 2.3228730e-03 
 1.8371830e-03 
 1.3842970e-03 
 2.4364370e-03 
 2.9002740e-03 
 2.8343310e-03 
 2.2373450e-03 
 2.5179240e-03 
 1.4935340e-03 
 6.5589030e-04 
 1.1992790e-03 
 5.7926980e-04 
 4.9239840e-04 
 7.9905270e-04 
 1.0518410e-03 
 1.9050600e-03 
 1.3482910e-03 
 3.5417900e-03 
 5.1224450e-03 
 6.4513610e-02 
 4.4632530e-03 
 1.1635950e-03 
 1.8943100e-03 
 1.1018120e-03 
 1.0203370e-03 
 2.3942010e-03 
 1.6562220e-03 
 2.1263550e-03 
 1.5919700e-03 
 1.3559320e-03 
 1.5333650e-03 
 1.2809610e-03 
 2.4119330e-03 
 1.7918290e-03 
 1.4639510e-03 
 1.3311290e-03 
 1.1032780e-03 
 6.7853780e-04 
 5.6181150e-04 
 9.9816670e-04 
 1.5996450e-03 
 6.5341830e-03 
 1.0688620e-02 
 1.8833470e-02 
 6.6861220e-02 
 3.8509880e-03 
 1.5327510e-03 
 1.0035250e-03 
 1.2625380e-03 
 8.2298590e-04 
 1.1606210e-03 
 7.0178500e-04 
 5.9194960e-04 
 1.0305510e-04 
 3.7333730e-04 
 8.4003510e-04 
 1.3033360e-03 
 2.4706610e-03 
 1.7388270e-03 
 1.3064820e-03 
 1.1147030e-03 
 1.5436890e-03 
 1.1259370e-03 
 1.3626440e-03 
 4.6165540e-03 
 4.1114410e-03 
 1.2345540e-02 
 5.9627140e-03 
 6.0745410e-02 
 3.3036230e-02 
 3.7838910e-03 
 1.2045460e-03 
 4.2076740e-04 
 9.5019620e-04 
 1.1915880e-03 
 7.6684790e-04 
 6.8115780e-04 
 6.3502090e-04 
 5.7255710e-04 
 5.4683270e-04 
 1.2460550e-03 
 1.4190130e-03 
 2.5648920e-03 
 1.7275170e-03 
 7.9260140e-04 
 6.0435190e-04 
 9.2843010e-04 
 1.8926610e-03 
 5.3212900e-03 
 5.4362990e-02 
 1.3114570e-02 
 7.9670360e-03 
 8.2248140e-03 
 1.2022820e-01 
 1.7367900e-02 
 2.8709100e-03 
 7.4550260e-04 
 1.0551560e-04 
 2.9857030e-04 
 8.4995370e-04 
 1.1890640e-03 
 1.3496980e-03 
 7.3628100e-04 
 7.2853120e-04 
 1.0014290e-03 
 1.2499470e-03 
 1.1082220e-03 
 1.6434920e-03 
 2.3260030e-03 
 1.3054650e-03 
 4.9017750e-04 
 5.7624180e-04 
 1.6647830e-03 
 2.1087020e-02 
 8.1961440e-02 
 1.6391040e-02 
 4.6457610e-03 
 2.6914620e-02 
 5.3527370e-02 
 1.0870500e-02 
 2.2786410e-03 
 8.7648670e-04 
 7.9220610e-05 
 9.7513440e-05 
 2.8179950e-04 
 9.4415840e-04 
 1.5148730e-03 
 1.2432520e-03 
 5.8878000e-04 
 6.0865990e-04 
 6.7037190e-04 
 2.3143730e-03 
 2.6844540e-03 
 1.9629540e-03 
 1.5127830e-03 
 6.3407070e-04 
 3.1193260e-04 
 4.2118680e-03 
 7.4984590e-02 
 3.4748650e-02 
 8.3143620e-03 
 4.5405050e-03 
 2.7018810e-02 
 4.6876380e-02 
 9.1026170e-03 
 1.9981370e-03 
 1.1926600e-03 
 3.1474440e-05 
 9.8725860e-05 
 1.7763970e-04 
 4.7312740e-04 
 1.3933270e-03 
 1.5359500e-03 
 1.7188420e-03 
 1.0705190e-03 
 1.5741320e-03 
 1.6265790e-03 
 1.3422930e-03 
 1.8783460e-03 
 2.4405240e-03 
 1.3219100e-03 
 1.6659290e-03 
 1.2608300e-02 
 2.5601180e-01 
 2.2061340e-02 
 1.7424860e-03 
 6.8371960e-03 
 4.2405110e-02 
 2.3583040e-02 
 5.5459110e-03 
 1.3177980e-03 
 7.5825130e-04 
 9.1335040e-05 
 1.1149730e-04 
 1.6457780e-04 
 3.1190120e-04 
 9.4910960e-04 
 1.5473580e-03 
 1.6353940e-03 
 1.3034970e-03 
 8.8705630e-04 
 5.8455230e-04 
 7.1926940e-04 
 1.6051740e-03 
 5.1178960e-03 
 1.2531490e-02 
 3.3101550e-02 
 1.3962930e-01 
 5.5073680e-02 
 2.6252950e-02 
 6.1104200e-03 
 1.0819600e-02 
 3.9844760e-02 
 1.1991350e-02 
 3.2670880e-03 
 1.3262910e-03 
 7.0486220e-04 
 4.4774710e-04 
 1.5872900e-04 
 3.6925890e-04 
 3.3639490e-04 
 6.4967630e-04 
 1.1528390e-03 
 1.0211770e-03 
 6.3150020e-04 
 2.5312440e-04 
 3.6150260e-04 
 4.8232150e-04 
 7.2587990e-04 
 1.2587820e-02 
 2.7883860e-01 
 2.0665810e-01 
 4.8475340e-02 
 4.0627420e-02 
 1.0668600e-02 
 8.7636640e-03 
 1.5417070e-02 
 2.4541280e-02 
 8.5781410e-03 
 2.1099130e-03 
 8.6755820e-04 
 5.7709750e-04 
 6.2463520e-04 
 1.5920300e-04 
 7.0502940e-04 
 6.5512530e-04 
 4.5682150e-04 
 6.8600610e-04 
 6.9288330e-04 
 8.6416350e-04 
 3.0628380e-04 
 1.9418340e-04 
 5.3037920e-04 
 1.5332100e-03 
 5.6125350e-03 
 8.1089420e-02 
 3.8966570e-01 
 5.8111210e-02 
 2.0874590e-02 
 9.0744300e-03 
 1.0176670e-02 
 1.7208230e-02 
 1.0839330e-02 
 4.8953360e-03 
 2.1025960e-03 
 7.2793630e-04 
 4.3918730e-04 
 5.6498800e-04 
 6.7806600e-04 
 6.2644030e-04 
 1.0490100e-03 
 5.9179200e-04 
 3.7471920e-04 
 7.3121860e-04 
 1.1229180e-03 
 9.0239630e-04 
 2.4566220e-04 
 2.6806390e-04 
 7.7376940e-04 
 3.9889890e-03 
 4.4287340e-02 
 6.0047950e-02 
 3.0892260e-02 
 4.8223600e-03 
 3.8630020e-03 
 1.0843560e-02 
 1.5390620e-02 
 6.4757560e-03 
 3.7872170e-03 
 1.4167740e-03 
 4.7940010e-04 
 4.2695070e-04 
 2.6230720e-04 
 1.2750720e-03 
 9.6164630e-04 
 8.0857070e-04 
 9.5755950e-04 
 5.2962170e-04 
 4.7044480e-04 
 8.0654020e-04 
 1.0102770e-03 
 7.5711500e-04 
 8.7621820e-04 
 1.1377010e-03 
 7.3538360e-03 
 8.7327900e-03 
 8.7998970e-03 
 2.0082160e-03 
 2.1559260e-04 
 1.3388880e-03 
 3.0530230e-02 
 7.8913720e-02 
 7.1710710e-03 
 3.5034890e-03 
 9.1742640e-04 
 4.1386830e-04 
 5.8449070e-04 
 1.9201980e-03 
 1.4562850e-03 
 9.0990970e-04 
 7.3464250e-04 
 1.0758860e-03 
 5.9994540e-04 
 3.1346360e-04 
 1.0057390e-03 
 1.3609060e-03 
 1.2262380e-03 
 1.3212100e-03 
 2.0265600e-03 
 4.4399820e-03 
 3.1577550e-03 
 8.3520200e-04 
 6.0645530e-04 
 1.6369350e-03 
 9.6507150e-03 
 1.2203770e-01 
 1.8849660e-01 
 9.9414500e-03 
 2.5621960e-03 
 6.4068060e-04 
 3.0421140e-04 
 4.8982370e-04 
 2.6267420e-03 
 1.1489560e-03 
 1.0874610e-03 
 8.3850930e-04 
 6.3157080e-04 
 8.5388130e-04 
 5.6928410e-04 
 1.2629110e-03 
 1.7562980e-03 
 2.4378480e-03 
 1.7926380e-03 
 4.1871990e-03 
 6.4084320e-03 
 4.2230360e-03 
 2.1369700e-03 
 3.3674910e-03 
 6.1647330e-03 
 1.2464650e-02 
 1.1091600e-01 
 1.5559630e-01 
 9.0695400e-03 
 2.7349190e-03 
 5.8336670e-04 
 2.4611690e-04 
 2.5600190e-04 
 2.3834700e-03 
 1.2277530e-03 
 1.1169060e-03 
 7.5287340e-04 
 7.2259390e-04 
 6.1236110e-04 
 8.6158870e-04 
 1.4816010e-03 
 1.8669140e-03 
 2.4930400e-03 
 3.2281640e-03 
 5.1290290e-03 
 6.4750670e-02 
 2.3345200e-02 
 2.1838190e-02 
 1.8530040e-02 
 3.3401040e-02 
 2.0027330e-02 
 1.5570210e-01 
 5.5389560e-02 
 7.2180310e-03 
 2.9576770e-03 
 6.5949520e-04 
 2.1096240e-04 
 1.9063240e-04 
 1.5083740e-03 
 1.0531840e-03 
 5.9896230e-04 
 7.4129580e-04 
 7.4077030e-04 
 1.0906490e-03 
 1.4920670e-03 
 2.0636220e-03 
 2.4345180e-03 
 4.7072470e-03 
 5.0976500e-03 
 7.6105680e-03 
 4.8429110e-02 
 2.8437820e-01 
 8.9505930e-02 
 2.0654350e-01 
 6.7845170e-02 
 8.2196690e-02 
 1.2274940e-01 
 1.1929260e-02 
 4.8398920e-03 
 4.2131660e-03 
 7.3591950e-04 
 7.9118310e-05 
 2.4593230e-04 
 8.7277060e-04 
 8.6640670e-04 
 6.2505500e-04 
 1.0179470e-03 
 1.1120080e-03 
 1.8226200e-03 
 2.0476720e-03 
 2.5455510e-03 
 4.3047590e-03 
 6.2313100e-03 
 4.4277910e-03 
 1.8162350e-02 
 4.6156280e-02 
 1.2612860e-01 
 9.4511810e-02 
 6.3459890e-02 
 1.4294000e-02 
 6.5267940e-02 
 1.9906320e-02 
 7.2586220e-03 
 7.2141710e-03 
 4.9582130e-03 
 1.1212870e-03 
 1.8616990e-05 
 2.4094860e-04 
 1.0589120e-03 
 8.2352200e-04 
 6.1420570e-04 
 9.2330590e-04 
 1.2238450e-03 
 2.4821280e-03 
 4.0521380e-03 
 4.9469750e-03 
 4.2578380e-03 
 4.6088720e-03 
 4.8502730e-03 
 9.8731990e-03 
 2.9779600e-02 
 4.8934300e-02 
 8.4387210e-02 
 2.8888760e-02 
 4.4714670e-02 
 1.4933580e-02 
 9.5387620e-03 
 6.8678470e-03 
 6.0197760e-03 
 3.0395560e-03 
 1.2633600e-03 
 1.5132500e-04 
 2.1031390e-04 
 1.1268840e-03 
 6.6902870e-04 
 5.2027930e-04 
 6.7499470e-04 
 2.6653170e-03 
 1.1113120e-02 
 9.1217540e-03 
 6.0160470e-03 
 5.2703600e-03 
 6.0231500e-03 
 6.6074130e-03 
 8.7184340e-03 
 2.6997310e-02 
 7.0359680e-02 
 3.9575540e-02 
 7.5530170e-02 
 1.4249900e-02 
 6.6149240e-03 
 5.9741360e-03 
 3.4765600e-03 
 4.6182180e-03 
 2.6091920e-03 
 1.5340220e-03 
 3.7207470e-04 
 7.0574450e-04 
 5.2643760e-04 
 4.8415800e-04 
 4.1678580e-04 
 6.9711760e-04 
 1.9685030e-02 
 1.5825380e+00 
 5.1913690e-02 
 6.6684190e-03 
 5.2929760e-03 
 4.6077370e-03 
 5.0889300e-03 
 5.4667720e-03 
 2.2363860e-02 
 3.5378020e-02 
 3.8771360e-02 
 3.0705320e-02 
 1.2021190e-02 
 6.4664520e-03 
 5.6441450e-03 
 5.2662540e-03 
 3.0700290e-03 
 2.2779210e-03 
 1.7810180e-03 
 8.6503030e-04 
 9.2245780e-04 
 2.9325600e-04 
 2.5395780e-04 
 3.9624140e-04 
 1.2795360e-03 
 3.4435640e-02 
 1.6567380e-01 
 4.0565740e-02 
 9.8829180e-03 
 4.7588840e-03 
 3.3992330e-03 
 2.8970230e-03 
 2.7855150e-03 
 1.5784860e-02 
 2.4155930e-02 
 2.5668070e-02 
 3.7957570e-02 
 8.0713250e-03 
 4.1682790e-03 
 6.0111760e-03 
 4.0531310e-03 
 2.6375760e-03 
 2.1560510e-03 
 2.0220530e-03 
 1.4600190e-03 
 8.3296590e-04 
 1.9728960e-04 
 5.4071100e-05 
 3.4639520e-04 
 5.2365810e-03 
 8.6135240e-02 
 4.1672480e-01 
 3.0479920e-02 
 9.3187660e-03 
 3.7087600e-03 
 1.4266350e-03 
 1.1549510e-03 
 1.2512800e-03 
 1.3234400e-03 
 2.7256640e-03 
 4.1697920e-03 
 5.2443850e-03 
 2.8095470e-03 
 4.2600370e-03 
 4.4350670e-03 
 4.9502970e-03 
 2.3022810e-03 
 3.2762110e-03 
 3.1568520e-03 
 1.2568590e-03 
 9.8534580e-04 
 7.9608220e-05 
 6.1136940e-05 
 4.5212890e-04 
 7.6854420e-03 
 6.2611800e-02 
 1.9128080e-01 
 1.9826000e-02 
 4.4491210e-03 
 1.7093590e-03 
 8.6326920e-04 
 9.4056690e-04 
 1.1636410e-03 
 5.4714810e-04 
 1.7779240e-04 
 1.7321740e-04 
 1.5973700e-04 
 8.4829670e-04 
 2.6934000e-03 
 4.3103910e-03 
 4.3818210e-03 
 2.6449860e-03 
 3.6649690e-03 
 2.1759520e-03 
 1.2451330e-03 
 1.2636180e-03 
 4.7351810e-05 
 1.3825630e-04 
 7.2337850e-04 
 5.2240420e-03 
 2.0105070e-02 
 4.0059050e-02 
 8.7788970e-03 
 2.6850950e-03 
 1.3469110e-03 
 7.5127830e-04 
 9.3574960e-04 
 8.2992540e-04 
 4.4456150e-04 
 6.6063630e-05 
 1.3575890e-04 
 2.3793830e-04 
 1.9878570e-04 
 1.2841110e-03 
 3.1387710e-03 
 4.2705020e-03 
 1.8261210e-03 
 5.7510080e-03 
 3.1254050e-03 
 1.2105430e-03 
 1.4277010e-03 
 7.3000360e-05 
 1.7496810e-04 
 8.1902240e-04 
 4.1585710e-03 
 1.9986380e-02 
 4.7979210e-03 
 3.7526460e-03 
 2.0406450e-03 
 9.3418550e-04 
 6.2182280e-04 
 5.9287880e-04 
 5.7135370e-04 
 5.5304060e-04 
 1.6475050e-04 
 8.8991050e-05 
 1.2021740e-04 
 2.3852830e-04 
 6.1757360e-04 
 2.3801910e-03 
 4.1124270e-03 
 1.0036650e-02 
 1.9421040e-01 
 2.2089610e-02 
 1.5144250e-03 
 9.9982530e-04 
 2.2582650e-04 
 1.3827970e-04 
 7.1082020e-04 
 6.2103430e-03 
 1.5219680e-02 
 3.9719940e-03 
 2.3671450e-03 
 1.2810260e-03 
 7.3484660e-04 
 5.9386870e-04 
 3.7051890e-04 
 4.0989050e-04 
 5.3423270e-04 
 2.0528800e-04 
 1.9153350e-04 
 1.7374370e-04 
 1.1524400e-04 
 4.6028430e-04 
 1.5578620e-03 
 2.8095610e-03 
 2.1560460e-02 
 9.3390050e-01 
 3.9912950e-01 
 2.9112750e-03 
 1.0222110e-03 
 2.3784440e-04 
 1.8449470e-05 
 8.2048190e-04 
 4.5119980e-03 
 1.3900180e-02 
 4.0434770e-03 
 1.6978890e-03 
 7.8340230e-04 
 5.1457410e-04 
 5.2544740e-04 
 2.6885680e-04 
 2.9385110e-04 
 4.4474970e-04 
 1.6836060e-04 
 2.1596150e-04 
 1.2779680e-04 
 1.1576710e-04 
 6.1451400e-04 
 1.5586590e-03 
 3.0606980e-03 
 3.8576830e-02 
 4.2021490e+00 
 1.7145990e-01 
 2.6432430e-03 
 6.6459030e-04 
 3.0390670e-04 
 1.1184650e-04 
 7.0875720e-04 
 5.6727180e-03 
 2.5324540e-02 
 3.5354690e-03 
 1.3030800e-03 
 3.6822010e-04 
 4.9142370e-04 
 5.5546030e-04 
 2.5959270e-04 
 1.7715590e-04 
 1.8641800e-04 
 3.3691760e-04 
 9.8713390e-05 
 1.0391490e-04 
 1.7661940e-04 
 8.5644880e-04 
 1.4804280e-03 
 1.7551590e-03 
 6.0670330e-03 
 2.3924390e-02 
 1.1984690e-01 
 5.5759600e-03 
 7.7195900e-04 
 6.0716560e-04 
 3.6912950e-05 
 9.9073930e-04 
 5.5775770e-03 
 1.5729100e-02 
 3.3092040e-03 
 7.1762760e-04 
 4.3148830e-04 
 6.9994710e-04 
 4.4960990e-04 
 1.8879470e-04 
 1.6745260e-04 
 2.0353290e-04 
 1.2307670e-04 
 1.3214000e-04 
 1.8993220e-04 
 4.2642750e-04 
 8.2158180e-04 
 1.6349430e-03 
 1.2392470e-03 
 1.5791110e-03 
 8.8094820e-03 
 5.4146480e-02 
 6.1427330e-03 
 1.6172880e-03 
 9.4764660e-04 
 1.2397430e-04 
 1.0782580e-03 
 4.8561260e-03 
 3.7329910e-02 
 2.9607260e-03 
 6.8225080e-04 
 5.2132730e-04 
 5.9338720e-04 
 2.7518470e-04 
 1.8029460e-04 
 1.1477150e-04 
 1.9267300e-04 
 1.9861120e-04 
 2.4793740e-04 
 4.6638420e-04 
 5.9188700e-04 
 7.6638340e-04 
 1.4232940e-03 
 1.2588420e-03 
 9.8504150e-04 
 4.3064060e-03 
 7.8075620e-02 
 6.8710040e-03 
 1.2434150e-03 
 1.0706640e-03 
 1.7566670e-04 
 8.2561310e-04 
 4.0303930e-03 
 1.3015210e-02 
 2.7944130e-03 
 5.8846530e-04 
 3.9326900e-04 
 2.5155480e-04 
 1.2074880e-04 
 1.5323780e-04 
 1.9883980e-04 
 1.2843710e-04 
 1.5078190e-04 
 2.6542880e-04 
 4.0363240e-04 
 4.5407360e-04 
 7.0550210e-04 
 9.2513490e-04 
 1.0721450e-03 
 7.5721960e-04 
 3.4933950e-03 
 2.6610970e-01 
 8.0825890e-03 
 8.6628030e-04 
 8.1095210e-04 
 1.3138930e-04 
 5.9006180e-04 
 5.4234410e-03 
 7.0522190e-01 
 2.0640170e-02 
 1.5387130e-03 
 3.3829210e-04 
 1.6673740e-04 
 2.0694360e-04 
 2.2291700e-04 
 6.4586220e-05 
 7.4413510e-05 
 2.9384590e-04 
 2.6948360e-04 
 3.8945660e-04 
 6.6829480e-04 
 4.5530210e-04 
 9.1569120e-04 
 1.1069710e-03 
 6.7475220e-04 
 3.7421190e-03 
 6.3953340e-02 
 5.6521890e-03 
 1.1333360e-03 
 7.1923200e-04 
 2.6446890e-04 
 5.1168410e-04 
 5.5653860e-03 
 2.4490210e-01 
 2.8226680e-01 
 1.0021090e-02 
 1.2555860e-02 
 1.4619400e-02 
 1.3108140e-03 
 1.9532230e-04 
 7.3278050e-05 
 1.2179930e-04 
 3.2314310e-04 
 3.6343360e-04 
 7.2756530e-04 
 7.4367350e-04 
 7.8159530e-04 
 1.1143760e-03 
 8.6004570e-04 
 1.3774680e-04 
 3.1821000e-03 
 7.6114450e-02 
 8.3453230e-03 
 2.2184940e-03 
 3.4913530e-04 
 3.1613790e-04 
 4.6786530e-04 
 5.7166860e-03 
 4.4102630e-01 
 0.0000000e+00 
 2.2694620e-01 
 2.1935250e-01 
 7.1514990e-01 
 8.0057910e-02 
 5.0761620e-03 
 6.8778050e-04 
 6.5729810e-03 
 5.7683930e-04 
 5.1082040e-04 
 8.9640000e-04 
 1.4730780e-03 
 2.4179700e-03 
 8.7342600e-03 
 1.6081410e-03 
 1.1346030e-03 
 4.2527950e-03 
 1.6413460e-01 
 1.1790230e-02 
 7.1066910e-04 
 7.1299630e-04 
 2.2567980e-04 
 7.3341000e-05 
 1.0078440e-02 
 8.1777630e-02 
 7.3862450e-01 
 2.7774770e-02 
 5.3780880e-01 
 0.0000000e+00 
 5.5064720e-01 
 1.2911270e-01 
 9.3041460e-01 
 1.0207800e+00 
 1.2501670e-01 
 6.4962750e-02 
 1.5018360e-02 
 1.2558880e-01 
 3.3881630e-01 
 0.0000000e+00 
 1.0996300e+00 
 2.1340730e-02 
 4.7517780e-02 
 9.3143470e-01 
 6.4375980e-03 
 2.7286000e-04 
 7.2942830e-04 
 2.7385110e-04 
 3.3327170e-04 
 8.6674240e-03 
 4.3763700e-01 
 3.7717190e-01 
 5.5444530e-01 
 0.0000000e+00 
 0.0000000e+00 
 1.0011000e+01 
 4.5643480e-01 
 0.0000000e+00 
 0.0000000e+00 
 0.0000000e+00 
 0.0000000e+00 
 3.3535500e-01 
 0.0000000e+00 
 0.0000000e+00 
 0.0000000e+00 
 7.4912730e-01 
 4.1987010e-01 
 7.3920450e-01 
 1.4633390e-01 
 9.4660890e-04 
 2.3960340e-04 
 5.4233870e-04 
 3.1880950e-04 
 4.5829800e-04 
 7.1343250e-02 
 0.0000000e+00 
 0.0000000e+00 
 4.8611280e-01 
 0.0000000e+00 
 7.1989530e-01 
 0.0000000e+00 
 0.0000000e+00 
 0.0000000e+00 
 0.0000000e+00 
 0.0000000e+00 
 0.0000000e+00 
 0.0000000e+00 
 1.1621960e+00 
 9.9660620e-01 
 0.0000000e+00 
 0.0000000e+00 
 0.0000000e+00 
 0.0000000e+00 
 1.8772470e-01 
 4.3142200e-04 
 2.8229990e-04 
 6.0153950e-04 
 3.8439260e-04 
 4.9957830e-04 
 1.2413480e-01 
 5.0112460e-01 
 1.0024770e+00 
 0.0000000e+00 
 0.0000000e+00 
 1.9916600e+00 
 0.0000000e+00 
 0.0000000e+00 
 0.0000000e+00 
 0.0000000e+00 
 0.0000000e+00 
 0.0000000e+00 
 0.0000000e+00 
 0.0000000e+00 
 0.0000000e+00 
 8.1371050e+00 
 0.0000000e+00 
 0.0000000e+00 
 6.8430450e-01 
 4.0513240e-02 
 4.6234270e-04 
 3.0419120e-04 
 6.0244630e-04 
 4.2375420e-04 
 5.6809560e-04 
 2.2067430e-01 
 5.1932210e-02 
 4.4435030e-01 
 0.0000000e+00 
 0.0000000e+00 
 0.0000000e+00 
 0.0000000e+00 
 0.0000000e+00 
 0.0000000e+00 
 4.7333100e-01 
 1.0011000e+01 
 0.0000000e+00 
 0.0000000e+00 
 0.0000000e+00 
 0.0000000e+00 
 5.3960200e-01 
 0.0000000e+00 
 0.0000000e+00 
 1.0865450e+00 
 1.2197080e-02 
 9.0453600e-04 
 2.7824360e-04 
 1.2391490e-03 
 4.3800980e-04 
 1.4911090e-02 
 0.0000000e+00 
 4.2308080e-01 
 5.3130060e-01 
 4.7694550e-01 
 5.3267680e-01 
 0.0000000e+00 
 0.0000000e+00 
 0.0000000e+00 
 0.0000000e+00 
 0.0000000e+00 
 3.1820720e-02 
 0.0000000e+00 
 2.7746120e+00 
 6.4606210e-01 
 0.0000000e+00 
 0.0000000e+00 
 0.0000000e+00 
 0.0000000e+00 
 0.0000000e+00 
 1.7456280e-01 
 5.3488640e-04 
 5.4402250e-04 
 1.0369310e-03 
 5.5974590e-04 
 2.0675320e-03 
 1.1052540e-02 
 7.1936820e-01 
 0.0000000e+00 
 1.0522430e-02 
 0.0000000e+00 
 0.0000000e+00 
 0.0000000e+00 
 0.0000000e+00 
 0.0000000e+00 
 0.0000000e+00 
 9.1445480e-01 
 4.3705230e+00 
 0.0000000e+00 
 1.0011000e+01 
 0.0000000e+00 
 0.0000000e+00 
 0.0000000e+00 
 0.0000000e+00 
 0.0000000e+00 
 7.4772810e-02 
 4.0069330e-04 
 6.1122100e-04 
 9.2938630e-04 
 8.5843710e-04 
 3.4152670e-02 
 0.0000000e+00 
 2.6727940e+00 
 2.4403550e+00 
 3.5797420e-01 
 0.0000000e+00 
 0.0000000e+00 
 0.0000000e+00 
 0.0000000e+00 
 0.0000000e+00 
 4.8671370e-01 
 0.0000000e+00 
 4.9738070e-01 
 0.0000000e+00 
 0.0000000e+00 
 0.0000000e+00 
 0.0000000e+00 
 0.0000000e+00 
 0.0000000e+00 
 0.0000000e+00 
 1.2156750e-01 
 6.3557030e-04 
 6.9798150e-04 
 9.7347650e-04 
 1.0607570e-03 
 6.4890440e-03 
 2.6071290e-01 
 1.1266020e-01 
 3.5052110e-01 
 0.0000000e+00 
 7.9615920e-01 
 0.0000000e+00 
 0.0000000e+00 
 6.8127830e-01 
 5.9991780e-01 
 4.4319360e+00 
 0.0000000e+00 
 0.0000000e+00 
 0.0000000e+00 
 4.6331950e-01 
 5.2547400e-01 
 0.0000000e+00 
 0.0000000e+00 
 0.0000000e+00 
 0.0000000e+00 
 1.2972430e-01 
 1.3134250e-03 
 5.8587930e-04 
 1.7017210e-03 
 2.5250810e-03 
 4.2144060e-02 
 4.1004500e-01 
 3.2448220e-02 
 1.1873560e-01 
 1.2505150e+00 
 5.6045890e-01 
 0.0000000e+00 
 0.0000000e+00 
 4.9346190e-01 
 7.1229540e-01 
 0.0000000e+00 
 0.0000000e+00 
 0.0000000e+00 
 5.8402380e-01 
 0.0000000e+00 
 0.0000000e+00 
 9.4849440e-06 
 0.0000000e+00 
 0.0000000e+00 
 0.0000000e+00 
 5.9009180e-02 
 1.1463600e-03 
 3.6215440e-04 
 2.2500060e-03 
 6.9927600e-03 
 1.0981170e-01 
 0.0000000e+00 
 1.9872710e-01 
 3.9617820e-02 
 1.4148050e+00 
 0.0000000e+00 
 7.3792400e-01 
 1.0011000e+01 
 7.0440740e-01 
 0.0000000e+00 
 0.0000000e+00 
 7.7924720e-01 
 1.0011000e+01 
 4.2203490e-01 
 0.0000000e+00 
 4.9133430e+00 
 1.0011000e+01 
 0.0000000e+00 
 5.7752730e-01 
 6.1439430e-01 
 3.9411950e-02 
 8.2827450e-04 
 4.2378660e-04 
 4.9468680e-03 
 4.6723030e-03 
 5.9351700e-02 
 1.5513040e-01 
 6.8978140e-02 
 1.2892760e-01 
 1.7931110e-01 
 4.6865980e-01 
 8.4368700e-02 
 7.4295240e-01 
 0.0000000e+00 
 5.0566830e-01 
 0.0000000e+00 
 1.0011000e+01 
 5.6890940e-02 
 1.0011000e+01 
 0.0000000e+00 
 2.3672700e-01 
 0.0000000e+00 
 0.0000000e+00 
 0.0000000e+00 
 9.4300510e-01 
 8.2776290e-02 
 9.0002740e-04 
 5.9527450e-04 
 1.6641690e-02 
 1.7524050e-02 
 2.0200950e-02 
 6.7554070e-02 
 5.2987160e-01 
 4.9265880e-02 
 4.9944350e-01 
 4.0907710e-02 
 2.5356410e-01 
 0.0000000e+00 
 0.0000000e+00 
 1.0011000e+01 
 0.0000000e+00 
 0.0000000e+00 
 6.3258100e-01 
 4.7177530e-01 
 0.0000000e+00 
 0.0000000e+00 
 0.0000000e+00 
 0.0000000e+00 
 0.0000000e+00 
 9.4912820e-01 
 5.5874810e-02 
 1.2954300e-03 
 5.9673790e-04 
 1.2530870e-02 
 8.5948610e-03 
 1.7597950e-02 
 5.2179390e-01 
 0.0000000e+00 
 3.0394670e-02 
 0.0000000e+00 
 1.9932170e-01 
 2.5251110e-01 
 0.0000000e+00 
 4.8261120e-01 
 0.0000000e+00 
 0.0000000e+00 
 0.0000000e+00 
 4.1888260e-01 
 7.0506120e-01 
 0.0000000e+00 
 6.4431140e-01 
 7.3355610e-01 
 0.0000000e+00 
 0.0000000e+00 
 0.0000000e+00 
 4.2665550e-02 
 7.8484480e-04 
 8.1870210e-04 
 1.0427490e-02 
 2.5217880e-03 
 2.6093760e-02 
 3.1885090e-02 
 1.0011000e+01 
 1.4133400e-01 
 0.0000000e+00 
 3.9609550e-01 
 8.0327310e+00 
 4.9515790e-01 
 7.6652720e-02 
 7.1862640e-01 
 0.0000000e+00 
 0.0000000e+00 
 7.5920720e-02 
 0.0000000e+00 
 6.4905120e+00 
 3.1482060e-02 
 1.0011000e+01 
 0.0000000e+00 
 0.0000000e+00 
 6.9653340e-01 
 3.4250340e-02 
 7.0660510e-04 
 6.0544800e-04 
 1.0280600e-02 
 4.3067110e-03 
 2.1554870e-02 
 5.7269280e-02 
 2.8214560e-02 
 8.9265220e-02 
 2.1576980e-01 
 2.9657110e+00 
 9.5347320e-02 
 3.8707690e-02 
 1.4155930e+00 
 9.3540980e-02 
 4.9534620e-01 
 6.6089410e-03 
 7.9822990e-01 
 2.2567720e-02 
 5.2681350e+00 
 3.4557620e-02 
 7.0346500e-01 
 0.0000000e+00 
 8.4519530e-01 
 5.4712250e-01 
 1.0416270e-02 
 8.2539320e-04 
 6.7807400e-04 
 4.4025520e+00 
 3.2804600e-03 
 1.6805850e-02 
 1.3527410e-02 
 6.2983150e-01 
 1.4234370e-01 
 2.1798710e-01 
 4.7867720e-02 
 3.1036510e-01 
 7.2028510e-01 
 0.0000000e+00 
 2.0558060e-01 
 5.3107720e-01 
 0.0000000e+00 
 1.8541470e-02 
 0.0000000e+00 
 5.6037840e-01 
 1.0011000e+01 
 1.0011000e+01 
 0.0000000e+00 
 8.5006360e-01 
 1.3980920e-01 
 3.0335850e-03 
 4.9082640e-04 
 7.3559080e-04 
 0.0000000e+00 
 1.5548670e-01 
 1.9695970e-03 
 8.4654600e-03 
 1.3214630e-02 
 3.0816270e-02 
 5.3667520e-02 
 1.0815760e-01 
 9.3117610e-01 
 0.0000000e+00 
 6.5233820e-01 
 8.2659050e-02 
 1.0011000e+01 
 2.3132500e-01 
 2.2097570e-01 
 3.8453180e-02 
 5.3856320e-01 
 8.2371600e-02 
 2.1690120e-01 
 5.6716420e+00 
 0.0000000e+00 
 4.2130210e-01 
 2.4575190e-03 
 5.6078530e-04 
 5.0537220e-04 
 0.0000000e+00 
 0.0000000e+00 
 1.3540550e-01 
 3.2733870e-03 
 1.6701850e-02 
 3.8288820e-02 
 3.1568490e-02 
 4.0253770e-01 
 3.7657170e-01 
 0.0000000e+00 
 1.2140740e-01 
 5.4986990e-01 
 0.0000000e+00 
 2.0657620e-01 
 2.1686490e-01 
 0.0000000e+00 
 0.0000000e+00 
 1.1316880e+00 
 2.4508980e-01 
 6.5500540e-02 
 6.6235460e-01 
 6.0110310e-02 
 2.5720530e-03 
 5.1459010e-04 
 6.3696980e-04 
 0.0000000e+00 
 0.0000000e+00 
 0.0000000e+00 
 9.1758370e-02 
 4.6512180e-03 
 3.1282550e-02 
 8.1670650e-01 
 0.0000000e+00 
 2.3018870e-01 
 1.0011000e+01 
 2.9843960e-01 
 1.2176400e-01 
 2.1334740e-01 
 2.3018830e-02 
 4.1373170e-02 
 4.3560390e-01 
 6.1085480e-01 
 0.0000000e+00 
 0.0000000e+00 
 6.8041010e-01 
 8.3044360e-01 
 5.5495590e-02 
 2.8121900e-03 
 7.1996830e-04 
 5.3987220e-04 
 0.0000000e+00 
 0.0000000e+00 
 0.0000000e+00 
 0.0000000e+00 
 5.7635010e-02 
 3.7386870e-03 
 2.1151800e-02 
 1.4955320e-01 
 1.2536120e-01 
 9.5950320e-02 
 5.8726580e-02 
 1.4715560e-01 
 5.0940130e-02 
 2.5165830e-01 
 1.5686790e-01 
 1.1688660e-01 
 6.8216970e-02 
 2.1531360e-02 
 2.4235000e-01 
 5.9050660e-01 
 0.0000000e+00 
 4.4591600e-02 
 2.2229790e-03 
 7.0304500e-04 
 2.0835290e-03 
 0.0000000e+00 
 0.0000000e+00 
 0.0000000e+00 
 0.0000000e+00 
 0.0000000e+00 
 1.0094840e-01 
 7.5565840e-03 
 2.0261910e-02 
 3.6585730e-02 
 5.9833490e-02 
 1.2201550e-01 
 6.0481240e-02 
 9.3444910e-02 
 1.2135700e-01 
 8.7789170e-02 
 1.6303840e-01 
 4.4439660e-01 
 0.0000000e+00 
 5.5206830e+00 
 1.4693360e-01 
 8.1633130e-01 
 2.1290100e-02 
 3.9178450e-03 
 2.5417540e-03 
 1.4894830e-01 
 0.0000000e+00 
 0.0000000e+00 
 0.0000000e+00 
 0.0000000e+00 
 0.0000000e+00 
 0.0000000e+00 
 9.6686580e-02 
 5.2310450e-03 
 1.8685310e-02 
 6.6410740e-02 
 3.5398060e-01 
 3.6160430e-01 
 6.2621760e-01 
 8.1144040e-02 
 8.2765710e-02 
 2.0729140e-01 
 4.6043160e-02 
 2.7375700e-01 
 1.9657940e-01 
 1.8459640e-01 
 1.8858320e-01 
 7.3065170e-02 
 7.4966970e-03 
 5.1388790e-02 
 0.0000000e+00 
 0.0000000e+00 
 0.0000000e+00 
 0.0000000e+00 
 0.0000000e+00 
 0.0000000e+00 
 0.0000000e+00 
 0.0000000e+00 
 1.6565420e-01 
 8.1175560e-03 
 8.1626020e-02 
 3.0621000e-02 
 1.1028740e-01 
 6.0199790e-02 
 5.9265130e-02 
 2.7628920e+00 
 3.9269020e-01 
 1.4696440e+00 
 4.3451470e-01 
 2.2034800e-01 
 1.9878890e-01 
 2.6914440e-01 
 2.3127900e-02 
 2.9480480e-02 
 1.7061710e-01 
 0.0000000e+00 
 0.0000000e+00 
 0.0000000e+00 
 0.0000000e+00 
 0.0000000e+00 
 0.0000000e+00 
 0.0000000e+00 
 0.0000000e+00 
 0.0000000e+00 
 3.1076550e-01 
 5.5125980e-03 
 2.6478300e-02 
 4.9588080e-02 
 6.6702630e-02 
 7.6405900e-02 
 1.2283310e-01 
 7.8269140e-02 
 6.6986710e-01 
 2.3948750e-01 
 1.3796880e-01 
 4.6812410e-01 
 1.6433380e-01 
 2.0188080e-02 
 5.6048350e-02 
 0.0000000e+00 
 0.0000000e+00 
 0.0000000e+00 
 0.0000000e+00 
 0.0000000e+00 
 0.0000000e+00 
 0.0000000e+00 
 0.0000000e+00 
 0.0000000e+00 
 0.0000000e+00 
 0.0000000e+00 
 1.0349060e+00 
 9.4469990e-02 
 2.8786900e-02 
 4.2382000e-02 
 1.4334170e-02 
 2.3172650e-02 
 6.8117450e-02 
 2.0058520e-01 
 3.1813460e-01 
 3.2576520e-01 
 1.0011000e+01 
 4.7139020e-02 
 3.5214180e-02 
 3.4051220e-01 
 0.0000000e+00 
 0.0000000e+00 
 0.0000000e+00 
 0.0000000e+00 
 0.0000000e+00 
 0.0000000e+00 
 0.0000000e+00 
 0.0000000e+00 
 0.0000000e+00 
 0.0000000e+00 
 0.0000000e+00 
 0.0000000e+00 
 0.0000000e+00 
 0.0000000e+00 
 0.0000000e+00 
 9.8579330e-01 
 2.3809450e-01 
 8.3737500e-02 
 2.7873610e-02 
 2.9043790e-02 
 5.8158350e-02 
 2.0360610e-02 
 3.2832110e-02 
 1.8090170e-01 
 0.0000000e+00 
 0.0000000e+00 
 0.0000000e+00 
 0.0000000e+00 
 0.0000000e+00 
 0.0000000e+00 
 0.0000000e+00 
 0.0000000e+00 
 0.0000000e+00 
 0.0000000e+00 
 0.0000000e+00 
 0.0000000e+00 
 0.0000000e+00 
 0.0000000e+00 
 0.0000000e+00 
 0.0000000e+00 
 0.0000000e+00 
 0.0000000e+00 
 0.0000000e+00 
 1.0124700e+00 
 6.5511710e-01 
 3.1437080e-01 
 2.3789900e-01 
 0.0000000e+00 
 0.0000000e+00 
 0.0000000e+00 
 0.0000000e+00 
 0.0000000e+00 
 0.0000000e+00 
 0.0000000e+00 
 0.0000000e+00 
 0.0000000e+00 
 0.0000000e+00 
 0.0000000e+00 
 0.0000000e+00 
 0.0000000e+00 
 0.0000000e+00 
 0.0000000e+00 
 0.0000000e+00 
 0.0000000e+00 
 0.0000000e+00 
 0.0000000e+00 
 0.0000000e+00 
 0.0000000e+00 
 0.0000000e+00 
 0.0000000e+00 
 0.0000000e+00 
 0.0000000e+00 
 0.0000000e+00 
 0.0000000e+00 
 0.0000000e+00 
 0.0000000e+00 
 0.0000000e+00 
 0.0000000e+00 
 0.0000000e+00 
 0.0000000e+00 
 0.0000000e+00 
 0.0000000e+00 
 0.0000000e+00 
 0.0000000e+00 
 0.0000000e+00 
 0.0000000e+00 
 0.0000000e+00 
 0.0000000e+00 
 0.0000000e+00 
 0.0000000e+00 
 0.0000000e+00 
 0.0000000e+00 
 0.0000000e+00 
 0.0000000e+00 
 0.0000000e+00 
 0.0000000e+00 
 0.0000000e+00 
 0.0000000e+00 
 0.0000000e+00 
 0.0000000e+00 
 0.0000000e+00 
 0.0000000e+00 
 0.0000000e+00 
 0.0000000e+00 
 0.0000000e+00 
 0.0000000e+00 
 0.0000000e+00 
 0.0000000e+00 
 0.0000000e+00 
 0.0000000e+00 
 0.0000000e+00 
 0.0000000e+00 
 0.0000000e+00 
 0.0000000e+00 
 0.0000000e+00 
 0.0000000e+00 
 0.0000000e+00 
 0.0000000e+00 
 0.0000000e+00 
 0.0000000e+00 
 0.0000000e+00 
 0.0000000e+00 
 0.0000000e+00 
 0.0000000e+00 
 0.0000000e+00 
 0.0000000e+00 
 0.0000000e+00 
 0.0000000e+00 
 0.0000000e+00 
 0.0000000e+00 
 0.0000000e+00 
 0.0000000e+00 
 0.0000000e+00 
 0.0000000e+00 
 0.0000000e+00 
 0.0000000e+00 
 0.0000000e+00 
 0.0000000e+00 
 0.0000000e+00 
 0.0000000e+00 
 0.0000000e+00 
 0.0000000e+00 
 0.0000000e+00 
 0.0000000e+00 
 0.0000000e+00 
 0.0000000e+00 
 0.0000000e+00 
 0.0000000e+00 
 0.0000000e+00 
 0.0000000e+00 
 0.0000000e+00 
 0.0000000e+00 
 0.0000000e+00 
 0.0000000e+00 
 0.0000000e+00 
 0.0000000e+00 
 0.0000000e+00 
 0.0000000e+00 
 0.0000000e+00 
 0.0000000e+00 
 0.0000000e+00 
 0.0000000e+00 
 0.0000000e+00 
 0.0000000e+00 
 0.0000000e+00 
 0.0000000e+00 
 0.0000000e+00 
 0.0000000e+00 
 0.0000000e+00 
 0.0000000e+00 
 0.0000000e+00 
 0.0000000e+00 
 0.0000000e+00 
 0.0000000e+00 
 0.0000000e+00 
 0.0000000e+00 
 0.0000000e+00 
 0.0000000e+00 
 0.0000000e+00 
 0.0000000e+00 
 0.0000000e+00 
 0.0000000e+00 
 0.0000000e+00 
 0.0000000e+00 
 0.0000000e+00 
 0.0000000e+00 
 0.0000000e+00 
 0.0000000e+00 
 0.0000000e+00 
 0.0000000e+00 
 0.0000000e+00 
 0.0000000e+00 
 0.0000000e+00 
 0.0000000e+00 
 0.0000000e+00 
 0.0000000e+00 
 0.0000000e+00 
 0.0000000e+00 
 0.0000000e+00 
 0.0000000e+00 
 0.0000000e+00 
 0.0000000e+00 
 0.0000000e+00 
 0.0000000e+00 
 0.0000000e+00 
 0.0000000e+00 
 0.0000000e+00 
 0.0000000e+00 
 0.0000000e+00 
 0.0000000e+00 
 0.0000000e+00 
 0.0000000e+00 
 0.0000000e+00 
 0.0000000e+00 
 0.0000000e+00 
 0.0000000e+00 
 0.0000000e+00 
 0.0000000e+00 
 0.0000000e+00 
 0.0000000e+00 
 0.0000000e+00 
 0.0000000e+00 
 0.0000000e+00 
 0.0000000e+00 
 0.0000000e+00 
 0.0000000e+00 
 0.0000000e+00 
 0.0000000e+00 
 0.0000000e+00 
 0.0000000e+00 
 0.0000000e+00 
 0.0000000e+00 
 0.0000000e+00 
 0.0000000e+00 
 0.0000000e+00 
 0.0000000e+00 
 0.0000000e+00 
 0.0000000e+00 
 0.0000000e+00 
 0.0000000e+00 
 0.0000000e+00 
 0.0000000e+00 
 0.0000000e+00 
 0.0000000e+00 
 0.0000000e+00 
 0.0000000e+00 
 0.0000000e+00 
 0.0000000e+00 
 0.0000000e+00 
 0.0000000e+00 
 0.0000000e+00 
 0.0000000e+00 
 0.0000000e+00 
 0.0000000e+00 
 0.0000000e+00 
 0.0000000e+00 
 0.0000000e+00 
 0.0000000e+00 
 0.0000000e+00 
 0.0000000e+00 
 0.0000000e+00 
 0.0000000e+00 
 0.0000000e+00 
 0.0000000e+00 
 0.0000000e+00 
 0.0000000e+00 
 0.0000000e+00 
 0.0000000e+00 
 0.0000000e+00 
 0.0000000e+00 
 0.0000000e+00 
 0.0000000e+00 
 0.0000000e+00 
 0.0000000e+00 
 0.0000000e+00 
 0.0000000e+00 
 0.0000000e+00 
 0.0000000e+00 
 0.0000000e+00 
 0.0000000e+00 
 0.0000000e+00 
 0.0000000e+00 
 0.0000000e+00 
 0.0000000e+00 
 0.0000000e+00 
 0.0000000e+00 
 0.0000000e+00 
 0.0000000e+00 
 0.0000000e+00 
 0.0000000e+00 
 0.0000000e+00 
 0.0000000e+00 
 0.0000000e+00 
 0.0000000e+00 
 0.0000000e+00 
 0.0000000e+00 
 0.0000000e+00 
 0.0000000e+00 
 0.0000000e+00 
 0.0000000e+00 
 0.0000000e+00 
 0.0000000e+00 
 0.0000000e+00 
 0.0000000e+00 
 0.0000000e+00 
 0.0000000e+00 
 0.0000000e+00 
 0.0000000e+00 
 0.0000000e+00 
 0.0000000e+00 
 0.0000000e+00 
 0.0000000e+00 
 0.0000000e+00 
 0.0000000e+00 
 0.0000000e+00 
 0.0000000e+00 
 0.0000000e+00 
 0.0000000e+00 
 0.0000000e+00 
 0.0000000e+00 
 0.0000000e+00 
 0.0000000e+00 
 0.0000000e+00 
 0.0000000e+00 
 0.0000000e+00 
 0.0000000e+00 
 0.0000000e+00 
 0.0000000e+00 
 0.0000000e+00 
 0.0000000e+00 
 0.0000000e+00 
 0.0000000e+00 
 0.0000000e+00 
 0.0000000e+00 
 0.0000000e+00 
 0.0000000e+00 
 0.0000000e+00 
 0.0000000e+00 
 0.0000000e+00 
 0.0000000e+00 
 0.0000000e+00 
 0.0000000e+00 
 0.0000000e+00 
 0.0000000e+00 
 0.0000000e+00 
 0.0000000e+00 
 0.0000000e+00 
 0.0000000e+00 
 0.0000000e+00 
 0.0000000e+00 
 0.0000000e+00 
 0.0000000e+00 
 0.0000000e+00 
 0.0000000e+00 
 0.0000000e+00 
 0.0000000e+00 
 0.0000000e+00 
 0.0000000e+00 
 0.0000000e+00 
 0.0000000e+00 
 0.0000000e+00 
 0.0000000e+00 
 0.0000000e+00 
 0.0000000e+00 
 0.0000000e+00 
 0.0000000e+00 
 0.0000000e+00 
 0.0000000e+00 
 0.0000000e+00 
 0.0000000e+00 
 0.0000000e+00 
 0.0000000e+00 
 0.0000000e+00 
 0.0000000e+00 
 0.0000000e+00 
 0.0000000e+00 
 0.0000000e+00 
 0.0000000e+00 
 0.0000000e+00 
 0.0000000e+00 
 0.0000000e+00 
 0.0000000e+00 
 0.0000000e+00 
 0.0000000e+00 
 0.0000000e+00 
 0.0000000e+00 
 0.0000000e+00 
 0.0000000e+00 
 0.0000000e+00 
 0.0000000e+00 
 0.0000000e+00 
 0.0000000e+00 
 0.0000000e+00 
 0.0000000e+00 
 0.0000000e+00 
 0.0000000e+00 
 0.0000000e+00 
 0.0000000e+00 
 0.0000000e+00 
 0.0000000e+00 
 0.0000000e+00 
 0.0000000e+00 
 0.0000000e+00 
 0.0000000e+00 
 0.0000000e+00 
 0.0000000e+00 
 0.0000000e+00 
 0.0000000e+00 
 0.0000000e+00 
 0.0000000e+00 
 0.0000000e+00 
 0.0000000e+00 
 0.0000000e+00 
 0.0000000e+00 
 0.0000000e+00 
 0.0000000e+00 
 0.0000000e+00 
 0.0000000e+00 
 0.0000000e+00 
 0.0000000e+00 
 0.0000000e+00 
 0.0000000e+00 
 0.0000000e+00 
 0.0000000e+00 
 0.0000000e+00 
 0.0000000e+00 
 0.0000000e+00 
 0.0000000e+00 
 0.0000000e+00 
 0.0000000e+00 
 0.0000000e+00 
 0.0000000e+00 
 0.0000000e+00 
 0.0000000e+00 
 0.0000000e+00 
 0.0000000e+00 
 0.0000000e+00 
 0.0000000e+00 
 0.0000000e+00 
 0.0000000e+00 
 0.0000000e+00 
 0.0000000e+00 
 0.0000000e+00 
 0.0000000e+00 
 0.0000000e+00 
 0.0000000e+00 
 0.0000000e+00 
 0.0000000e+00 
 0.0000000e+00 
 0.0000000e+00 
 0.0000000e+00 
 0.0000000e+00 
 0.0000000e+00 
 0.0000000e+00 
 0.0000000e+00 
 0.0000000e+00 
 0.0000000e+00 
 0.0000000e+00 
 0.0000000e+00 
 0.0000000e+00 
 0.0000000e+00 
 0.0000000e+00 
 0.0000000e+00 
 0.0000000e+00 
 0.0000000e+00 
 0.0000000e+00 
 0.0000000e+00 
 0.0000000e+00 
 0.0000000e+00 
 0.0000000e+00 
 0.0000000e+00 
 0.0000000e+00 
 0.0000000e+00 
 0.0000000e+00 
 0.0000000e+00 
 0.0000000e+00 
 0.0000000e+00 
 0.0000000e+00 
 0.0000000e+00 
 0.0000000e+00 
 0.0000000e+00 
 0.0000000e+00 
 0.0000000e+00 
 0.0000000e+00 
 0.0000000e+00 
 0.0000000e+00 
 0.0000000e+00 
 0.0000000e+00 
 0.0000000e+00 
 0.0000000e+00 
 0.0000000e+00 
 0.0000000e+00 
 0.0000000e+00 
 0.0000000e+00 
 0.0000000e+00 
 0.0000000e+00 
 0.0000000e+00 
 0.0000000e+00 
 0.0000000e+00 
 0.0000000e+00 
 0.0000000e+00 
 0.0000000e+00 
 0.0000000e+00 
 0.0000000e+00 
 0.0000000e+00 
 0.0000000e+00 
 0.0000000e+00 
 0.0000000e+00 
 0.0000000e+00 
 0.0000000e+00 
 0.0000000e+00 
 0.0000000e+00 
 0.0000000e+00 
 0.0000000e+00 
 0.0000000e+00 
 0.0000000e+00 
 0.0000000e+00 
 0.0000000e+00 
 0.0000000e+00 
 0.0000000e+00 
 0.0000000e+00 
 0.0000000e+00 
 0.0000000e+00 
 0.0000000e+00 
 0.0000000e+00 
 0.0000000e+00 
 0.0000000e+00 
 0.0000000e+00 
 0.0000000e+00 
 0.0000000e+00 
 0.0000000e+00 
 0.0000000e+00 
 0.0000000e+00 
 0.0000000e+00 
 0.0000000e+00 
 0.0000000e+00 
 0.0000000e+00 
 0.0000000e+00 
 0.0000000e+00 
 0.0000000e+00 
 0.0000000e+00 
 0.0000000e+00 
 0.0000000e+00 
 0.0000000e+00 
 0.0000000e+00 
 0.0000000e+00 
 0.0000000e+00 
 0.0000000e+00 
 0.0000000e+00 
 0.0000000e+00 
 0.0000000e+00 
 0.0000000e+00 
 0.0000000e+00 
 0.0000000e+00 
 0.0000000e+00 
 0.0000000e+00 
 0.0000000e+00 
 0.0000000e+00 
 0.0000000e+00 
 0.0000000e+00 
 0.0000000e+00 
 0.0000000e+00 
 0.0000000e+00 
 0.0000000e+00 
 0.0000000e+00 
 0.0000000e+00 
 0.0000000e+00 
 0.0000000e+00 
 0.0000000e+00 
 0.0000000e+00 
 0.0000000e+00 
 0.0000000e+00 
 0.0000000e+00 
 0.0000000e+00 
 0.0000000e+00 
 0.0000000e+00 
 0.0000000e+00 
 0.0000000e+00 
 0.0000000e+00 
 0.0000000e+00 
 0.0000000e+00 
 0.0000000e+00 
 0.0000000e+00 
 0.0000000e+00 
 0.0000000e+00 
 0.0000000e+00 
 0.0000000e+00 
 0.0000000e+00 
 0.0000000e+00 
 0.0000000e+00 
 0.0000000e+00 
 0.0000000e+00 
 0.0000000e+00 
 0.0000000e+00 
 0.0000000e+00 
 0.0000000e+00 
 0.0000000e+00 
 0.0000000e+00 
 0.0000000e+00 
 0.0000000e+00 
 0.0000000e+00 
 0.0000000e+00 
 0.0000000e+00 
 0.0000000e+00 
 0.0000000e+00 
 0.0000000e+00 
 0.0000000e+00 
 0.0000000e+00 
 0.0000000e+00 
 0.0000000e+00 
 0.0000000e+00 
 0.0000000e+00 
 0.0000000e+00 
 0.0000000e+00 
 0.0000000e+00 
 0.0000000e+00 
 0.0000000e+00 
 0.0000000e+00 
 0.0000000e+00 
 0.0000000e+00 
 0.0000000e+00 
 0.0000000e+00 
 0.0000000e+00 
 0.0000000e+00 
 0.0000000e+00 
 0.0000000e+00 
 0.0000000e+00 
 0.0000000e+00 
 0.0000000e+00 
 0.0000000e+00 
 0.0000000e+00 
 0.0000000e+00 
 0.0000000e+00 
 0.0000000e+00 
 0.0000000e+00 
 0.0000000e+00 
 0.0000000e+00 
 0.0000000e+00 
 0.0000000e+00 
 0.0000000e+00 
 0.0000000e+00 
 0.0000000e+00 
 0.0000000e+00 
 0.0000000e+00 
 0.0000000e+00 
 0.0000000e+00 
 0.0000000e+00 
 0.0000000e+00 
 0.0000000e+00 
 0.0000000e+00 
 0.0000000e+00 
 0.0000000e+00 
 0.0000000e+00 
 0.0000000e+00 
 0.0000000e+00 
 0.0000000e+00 
 0.0000000e+00 
 0.0000000e+00 
 0.0000000e+00 
 0.0000000e+00 
 0.0000000e+00 
 0.0000000e+00 
 0.0000000e+00 
 0.0000000e+00 
 0.0000000e+00 
 0.0000000e+00 
 0.0000000e+00 
 0.0000000e+00 
 0.0000000e+00 
 0.0000000e+00 
 0.0000000e+00 
 0.0000000e+00 
 0.0000000e+00 
 0.0000000e+00 
 0.0000000e+00 
 0.0000000e+00 
 0.0000000e+00 
 0.0000000e+00 
 0.0000000e+00 
 0.0000000e+00 
 0.0000000e+00 
 0.0000000e+00 
 0.0000000e+00 
 0.0000000e+00 
 0.0000000e+00 
 0.0000000e+00 
 0.0000000e+00 
 0.0000000e+00 
 0.0000000e+00 
 0.0000000e+00 
 0.0000000e+00 
 0.0000000e+00 
 0.0000000e+00 
 0.0000000e+00 
 0.0000000e+00 
 0.0000000e+00 
 0.0000000e+00 
 0.0000000e+00 
 0.0000000e+00 
 0.0000000e+00 
 0.0000000e+00 
 0.0000000e+00 
 0.0000000e+00 
 0.0000000e+00 
 0.0000000e+00 
 0.0000000e+00 
 0.0000000e+00 
 0.0000000e+00 
 0.0000000e+00 
 0.0000000e+00 
 0.0000000e+00 
 0.0000000e+00 
 0.0000000e+00 
 0.0000000e+00 
 0.0000000e+00 
 0.0000000e+00 
 0.0000000e+00 
 0.0000000e+00 
 0.0000000e+00 
 0.0000000e+00 
 0.0000000e+00 
 0.0000000e+00 
 0.0000000e+00 
 0.0000000e+00 
 0.0000000e+00 
 0.0000000e+00 
 0.0000000e+00 
 0.0000000e+00 
 0.0000000e+00 
 0.0000000e+00 
 0.0000000e+00 
 0.0000000e+00 
 0.0000000e+00 
 0.0000000e+00 
 0.0000000e+00 
 0.0000000e+00 
 0.0000000e+00 
 0.0000000e+00 
 0.0000000e+00 
 0.0000000e+00 
 0.0000000e+00 
 0.0000000e+00 
 0.0000000e+00 
 0.0000000e+00 
 0.0000000e+00 
 0.0000000e+00 
 0.0000000e+00 
 0.0000000e+00 
 0.0000000e+00 
 0.0000000e+00 
 0.0000000e+00 
 0.0000000e+00 
 0.0000000e+00 
 0.0000000e+00 
 0.0000000e+00 
 0.0000000e+00 
 0.0000000e+00 
 0.0000000e+00 
 0.0000000e+00 
 0.0000000e+00 
 0.0000000e+00 
 0.0000000e+00 
 0.0000000e+00 
 0.0000000e+00 
 0.0000000e+00 
 0.0000000e+00 
 0.0000000e+00 
 0.0000000e+00 
 0.0000000e+00 
 0.0000000e+00 
 0.0000000e+00 
 0.0000000e+00 
 0.0000000e+00 
 0.0000000e+00 
 0.0000000e+00 
 0.0000000e+00 
 0.0000000e+00 
 0.0000000e+00 
 0.0000000e+00 
 0.0000000e+00 
 0.0000000e+00 
 0.0000000e+00 
 0.0000000e+00 
 0.0000000e+00 
 0.0000000e+00 
 0.0000000e+00 
 0.0000000e+00 
 0.0000000e+00 
 0.0000000e+00 
 0.0000000e+00 
 0.0000000e+00 
 0.0000000e+00 
 0.0000000e+00 
 0.0000000e+00 
 0.0000000e+00 
 0.0000000e+00 
 0.0000000e+00 
 0.0000000e+00 
 0.0000000e+00 
 0.0000000e+00 
 0.0000000e+00 
 0.0000000e+00 
