 3.2680230e+02 
 3.2877910e+02 
 3.6581780e+02 
 1.9423630e+02 
 4.6382680e+02 
 5.1335580e+02 
 4.3482970e+02 
 3.1828550e+02 
 2.7724570e+02 
 2.5864890e+02 
 2.2443360e+02 
 2.2171540e+02 
 1.4284000e+02 
 1.3768850e+02 
 1.0505670e+02 
 9.5359570e+01 
 9.7357180e+01 
 1.1237150e+02 
 1.3556610e+02 
 1.5382360e+02 
 1.4933250e+02 
 2.1522300e+02 
 1.9298450e+02 
 1.6632510e+02 
 3.2985190e+02 
 9.2601740e+02 
 5.0265850e+02 
 3.5775580e+02 
 3.4882430e+02 
 2.9670320e+02 
 2.9326790e+02 
 3.6982930e+02 
 2.9563120e+02 
 2.2781980e+02 
 2.1425240e+02 
 1.6196670e+02 
 1.7278490e+02 
 1.4496020e+02 
 1.0964550e+02 
 1.7406390e+02 
 1.6102210e+02 
 2.2120590e+02 
 3.0216690e+02 
 5.4636150e+02 
 3.4942520e+02 
 3.2845890e+02 
 2.3991940e+02 
 2.3926280e+02 
 1.9786830e+02 
 1.2065400e+02 
 5.7022140e+02 
 1.0075950e+03 
 5.2275640e+02 
 3.6253230e+02 
 3.6964810e+02 
 2.8849230e+02 
 3.0044900e+02 
 3.3650390e+02 
 2.8453750e+02 
 2.4511570e+02 
 2.6819630e+02 
 1.6451250e+02 
 1.3099010e+02 
 4.3374650e+02 
 3.5228430e+02 
 3.4858250e+02 
 2.4542880e+02 
 2.4854270e+02 
 2.5818780e+02 
 2.9559540e+02 
 1.9764840e+02 
 1.7724530e+02 
 1.6005960e+02 
 1.8200260e+02 
 1.5427230e+02 
 8.4090450e+02 
 4.4011220e+02 
 6.6966360e+02 
 3.4928070e+02 
 2.1318810e+02 
 4.4890380e+02 
 3.8406270e+02 
 2.5368290e+02 
 1.7485810e+02 
 2.4827240e+02 
 2.7099930e+02 
 1.5141280e+02 
 3.2867120e+02 
 3.9054490e+02 
 3.2007540e+02 
 2.6914190e+02 
 2.8819520e+02 
 2.7990770e+02 
 2.4963310e+02 
 2.7529410e+02 
 1.5196690e+02 
 1.4615490e+02 
 1.6154330e+02 
 8.8923750e+01 
 1.1962400e+02 
 3.4651490e+02 
 2.1028790e+02 
 3.1905230e+02 
 4.1689610e+02 
 3.0607180e+02 
 4.5038450e+02 
 4.2831940e+02 
 3.4026700e+02 
 1.9846050e+02 
 1.6430740e+02 
 1.7218270e+02 
 7.3198500e+01 
 1.8246640e+02 
 2.8125210e+02 
 2.6775710e+02 
 2.3593740e+02 
 3.0580700e+02 
 3.1870460e+02 
 1.8723100e+02 
 3.3800880e+02 
 1.2821490e+02 
 2.2415640e+02 
 1.4969690e+02 
 1.0542140e+02 
 1.0417760e+02 
 1.2867900e+02 
 1.4888460e+02 
 1.8316700e+02 
 3.4583180e+02 
 2.4396120e+02 
 5.0967610e+02 
 2.3419030e+02 
 1.4359770e+02 
 1.7137440e+02 
 1.2980450e+02 
 1.4693060e+02 
 9.1592120e+01 
 1.2999160e+02 
 2.4123650e+02 
 2.2922480e+02 
 2.6314410e+02 
 2.3850200e+02 
 2.1209420e+02 
 2.0531060e+02 
 2.3290190e+02 
 2.5123320e+02 
 1.2025400e+02 
 1.6153980e+02 
 9.8126310e+01 
 1.1690410e+02 
 5.2649930e+01 
 8.8169630e+01 
 1.7337470e+02 
 1.2270140e+02 
 1.2667080e+02 
 3.2868040e+02 
 2.7615260e+02 
 1.0794650e+02 
 2.1730520e+02 
 1.4630340e+02 
 9.6548660e+01 
 9.9377020e+01 
 1.1477680e+02 
 1.7312050e+02 
 2.1449900e+02 
 2.7665620e+02 
 3.0735600e+02 
 2.7518740e+02 
 2.3354060e+02 
 1.9692840e+02 
 1.8056220e+02 
 1.1420290e+02 
 7.8907040e+01 
 5.9675840e+01 
 1.1075010e+02 
 7.1033320e+01 
 1.4344960e+02 
 1.5913240e+02 
 2.0986230e+02 
 1.5486320e+02 
 3.2156690e+02 
 3.8129050e+02 
 1.7323050e+02 
 1.7803770e+02 
 1.4458290e+02 
 1.1818060e+02 
 1.1309990e+02 
 1.3313510e+02 
 2.1363400e+02 
 2.4841470e+02 
 2.5196690e+02 
 2.4856860e+02 
 2.3357610e+02 
 3.9472700e+02 
 2.0717780e+02 
 1.3219050e+02 
 8.5878190e+01 
 6.1570060e+01 
 5.0683070e+01 
 1.0772160e+02 
 1.0293410e+02 
 1.5940990e+02 
 1.8338910e+02 
 1.7641090e+02 
 2.6812580e+02 
 2.2762410e+02 
 3.6318600e+02 
 1.7348540e+02 
 1.5011280e+02 
 1.2152420e+02 
 9.9009110e+01 
 8.8105150e+01 
 9.4726820e+01 
 1.5957780e+02 
 4.0946800e+02 
 2.1610610e+02 
 2.6840120e+02 
 1.8683360e+02 
 1.2087020e+02 
 1.4348870e+02 
 7.5150490e+01 
 6.1187680e+01 
 3.1737470e+01 
 3.1424780e+01 
 4.0093770e+01 
 1.2914630e+02 
 1.6809710e+02 
 2.4634380e+02 
 1.5004960e+02 
 1.5796570e+02 
 1.3444250e+02 
 1.7022690e+02 
 1.1363890e+02 
 1.0277970e+02 
 1.5635870e+02 
 1.0357760e+02 
 1.4046390e+02 
 1.4847340e+02 
 1.9693720e+02 
 1.6838670e+02 
 1.9883830e+02 
 2.9331360e+02 
 1.3091930e+02 
 8.4932960e+01 
 3.6533740e+01 
 3.4533540e+01 
 4.1212830e+01 
 2.3398780e+01 
 2.4262090e+01 
 2.6122950e+01 
 1.9989610e+02 
 1.9354600e+02 
 2.2933150e+02 
 1.1976880e+02 
 1.2047410e+02 
 3.3911420e+02 
 2.6073330e+02 
 1.6366560e+02 
 1.6384890e+02 
 1.9787000e+02 
 1.1315360e+02 
 9.3212210e+01 
 7.5997240e+01 
 1.0020400e+02 
 1.4336510e+02 
 1.5690390e+02 
 1.3010320e+02 
 4.8254640e+01 
 3.6758060e+01 
 1.9689210e+02 
 1.2921480e+02 
 8.3235530e+01 
 6.0984050e+01 
 2.8267570e+01 
 2.6919670e+01 
 1.6363550e+03 
 1.6805090e+02 
 1.8257180e+02 
 1.3984740e+02 
 1.3306670e+02 
 2.5366160e+02 
 1.2743700e+02 
 1.8875980e+02 
 1.2410090e+02 
 1.3656120e+02 
 1.1584190e+02 
 6.6359680e+01 
 1.7022610e+02 
 3.9748080e+02 
 1.5489210e+02 
 8.8496300e+01 
 6.0305440e+01 
 4.2548840e+01 
 3.8916170e+02 
 2.0099540e+02 
 1.6643370e+02 
 2.2359500e+02 
 4.1512300e+01 
 4.1015790e+01 
 4.2210610e+01 
 9.6818660e+02 
 1.5185040e+03 
 1.0795080e+02 
 1.0081120e+02 
 1.4272100e+02 
 1.6133540e+02 
 2.3642660e+02 
 1.0178200e+02 
 9.4456250e+01 
 1.4837950e+02 
 8.2618800e+01 
 7.7807430e+01 
 7.4355610e+01 
 1.3579410e+02 
 1.3196510e+02 
 1.1578780e+02 
 4.7921270e+01 
 3.5009680e+02 
 2.2050530e+02 
 1.6557330e+02 
 1.9254050e+02 
 9.0136370e+01 
 4.9161740e+01 
 4.4115980e+01 
 5.4219560e+01 
 7.6083380e+02 
 8.3991470e+02 
 5.2064710e+02 
 1.7623470e+02 
 1.2944390e+02 
 1.6034280e+02 
 1.0114000e+02 
 1.3348940e+02 
 1.3541870e+02 
 8.5392010e+01 
 7.4108080e+01 
 6.2675160e+01 
 7.0989250e+01 
 1.2369170e+02 
 1.4548500e+02 
 7.7083480e+01 
 5.7578430e+01 
 3.1534100e+02 
 1.8743240e+02 
 1.3591730e+02 
 1.1696160e+02 
 7.3531190e+01 
 5.1959670e+01 
 3.9650970e+01 
 6.0379970e+01 
 7.3433440e+02 
 6.6977830e+02 
 5.0327640e+02 
 6.8045220e+02 
 2.0002890e+02 
 1.4569050e+02 
 1.3615660e+02 
 1.2262850e+02 
 1.0178500e+02 
 1.0136450e+02 
 9.6903400e+01 
 1.1344990e+02 
 7.9912450e+01 
 1.0709000e+02 
 1.0521620e+02 
 5.3367040e+01 
 5.4979600e+02 
 2.5822300e+02 
 1.4118990e+02 
 1.0003560e+02 
 6.1606800e+01 
 8.1558230e+01 
 7.0893440e+01 
 6.7025000e+01 
 1.0560210e+02 
 3.6811140e+02 
 3.9461700e+02 
 3.8447690e+02 
 2.5112850e+02 
 1.8453920e+02 
 7.4810260e+01 
 1.0585860e+02 
 1.7792740e+02 
 1.0461700e+02 
 1.7430190e+02 
 1.7301720e+02 
 1.0205670e+02 
 6.4268920e+01 
 5.3911290e+01 
 3.1477780e+01 
 9.3973680e+01 
 4.0647460e+02 
 2.0861920e+02 
 7.5957660e+01 
 5.6077640e+01 
 5.1516060e+01 
 1.0834060e+02 
 7.7928540e+01 
 6.3716560e+01 
 1.0718220e+02 
 1.8916180e+02 
 2.5421590e+02 
 2.3186200e+02 
 1.7491180e+02 
 2.1634260e+02 
 1.6125270e+02 
 1.0049880e+02 
 1.0413060e+02 
 9.6345230e+01 
 1.3617750e+02 
 2.1167750e+02 
 9.3673260e+01 
 4.0163000e+01 
 2.1679610e+02 
 6.6468570e+02 
 3.1644900e+02 
 3.1440620e+02 
 1.3226590e+02 
 6.8832340e+01 
 4.0307640e+01 
 4.2517600e+01 
 1.0128570e+02 
 9.0211380e+01 
 1.1530710e+02 
 1.3462190e+02 
 1.7654960e+02 
 3.8335210e+02 
 1.2437330e+02 
 1.5811740e+02 
 1.8394840e+02 
 1.6378220e+02 
 1.1617710e+02 
 1.5807500e+02 
 1.2862700e+02 
 1.5944030e+02 
 1.4497180e+02 
 8.4231210e+01 
 6.3672860e+01 
 1.8268050e+02 
 0.0000000e+00 
 2.4530460e+02 
 2.5446240e+02 
 7.1725560e+01 
 5.4637710e+01 
 5.4034280e+01 
 5.2350540e+01 
 8.6499320e+01 
 9.5482860e+01 
 1.1919020e+02 
 1.5507740e+02 
 2.4738900e+02 
 1.1866710e+02 
 1.7516570e+02 
 1.2962740e+02 
 2.2190420e+02 
 3.0157390e+02 
 1.1145680e+02 
 1.3542990e+02 
 1.2396490e+02 
 1.4831920e+02 
 2.1420540e+02 
 8.1154400e+01 
 7.1861610e+01 
 1.4278300e+02 
 2.3924540e+02 
 2.0617150e+02 
 1.8810950e+02 
 1.5090880e+02 
 5.3318040e+01 
 5.4256620e+01 
 1.0813010e+02 
 8.9738980e+01 
 1.1128360e+02 
 1.8110860e+02 
 1.2164260e+02 
 9.1244700e+01 
 8.0878150e+01 
 1.2179680e+02 
 7.7636360e+01 
 1.1872500e+02 
 1.6609280e+02 
 1.2160050e+02 
 1.2368600e+02 
 8.0289130e+01 
 1.4037340e+02 
 1.2412840e+02 
 9.5647600e+01 
 7.9765200e+01 
 1.4496370e+02 
 2.0557490e+02 
 1.9803820e+02 
 1.6288830e+02 
 1.2489330e+02 
 5.3613990e+01 
 4.1595670e+01 
 9.5922810e+01 
 8.6278260e+01 
 1.9873910e+02 
 2.0962130e+02 
 1.8520950e+02 
 8.0684460e+01 
 4.5140550e+01 
 8.1270720e+01 
 9.1913520e+01 
 5.2632880e+01 
 9.9068780e+01 
 1.1334110e+02 
 9.5697820e+01 
 1.0812550e+02 
 1.6950320e+02 
 1.2355020e+02 
 1.3374570e+02 
 9.1846870e+01 
 1.8164490e+02 
 1.8145450e+02 
 2.2571590e+02 
 9.0148280e+01 
 5.5493280e+01 
 1.3058250e+02 
 1.4483830e+02 
 1.0220640e+02 
 6.6834430e+01 
 1.9719940e+02 
 1.8917140e+02 
 2.0512100e+02 
 5.2995740e+01 
 8.3338540e+01 
 5.3591890e+01 
 6.7332170e+01 
 8.7466930e+01 
 9.8769060e+01 
 9.2890450e+01 
 6.9773140e+01 
 9.8530690e+01 
 1.0317490e+02 
 2.0601980e+02 
 1.0556800e+02 
 1.1268300e+02 
 1.8843350e+02 
 1.5002980e+02 
 9.3703180e+01 
 6.8707070e+01 
 7.6930670e+01 
 1.6225190e+02 
 7.6022920e+01 
 6.5095020e+01 
 8.6571650e+01 
 1.7056640e+02 
 2.2955380e+02 
 2.6909360e+02 
 3.9842820e+01 
 4.3611660e+01 
 4.3980500e+01 
 6.3179870e+01 
 6.8459760e+01 
 9.4785830e+01 
 8.4699090e+01 
 6.5842810e+01 
 9.2672120e+01 
 7.1486260e+01 
 9.1091120e+01 
 8.8729180e+01 
 5.6327280e+01 
 5.1777840e+01 
 3.6809180e+01 
 4.1845920e+01 
 8.0258760e+01 
 3.2362820e+02 
 1.7052730e+02 
 4.4552840e+01 
 6.0610110e+01 
 6.5847090e+01 
 1.4317240e+02 
 1.5911450e+02 
 4.0918380e+02 
 3.0203440e+01 
 4.3560380e+01 
 7.6868230e+01 
 5.1892310e+01 
 5.5681180e+01 
 6.3944380e+01 
 1.0595220e+02 
 7.5154360e+01 
 9.2365250e+01 
 6.9227360e+01 
 6.6455720e+01 
 5.9535930e+01 
 2.2907850e+02 
 0.0000000e+00 
 1.4747660e+02 
 1.6413920e+02 
 8.0721690e+02 
 1.0675880e+03 
 6.4653250e+01 
 5.1134060e+01 
 7.3925100e+01 
 4.9295320e+01 
 2.2959560e+02 
 4.8933990e+02 
 2.4816640e+02 
 3.8864060e+01 
 4.4695440e+01 
 3.2702390e+01 
 3.5430190e+01 
 4.8673870e+01 
 5.2130850e+01 
 6.3352970e+01 
 8.2591530e+01 
 7.6239020e+01 
 4.9139310e+01 
 5.7689210e+01 
 5.4522250e+01 
 1.4669240e+02 
 4.2406940e+02 
 1.8400490e+02 
 4.5180040e+02 
 7.4032990e+02 
 9.3647320e+01 
 8.9195340e+01 
 5.0369600e+01 
 5.6911700e+01 
 6.7493240e+01 
 1.6024970e+02 
 4.3442220e+02 
 3.8592640e+02 
 6.4188770e+01 
 2.6205440e+01 
 3.7260710e+01 
 3.9754690e+01 
 6.0674450e+01 
 5.9374300e+01 
 6.8889520e+01 
 7.7863050e+01 
 5.3558330e+01 
 4.4417230e+01 
 9.5548180e+01 
 8.8504470e+01 
 1.8953660e+02 
 2.5925610e+02 
 2.1733520e+03 
 4.1916110e+02 
 9.5327150e+02 
 9.6410550e+01 
 8.4223990e+01 
 6.7793450e+01 
 1.2087740e+02 
 8.2606060e+01 
 1.3025970e+02 
 2.8816150e+02 
 3.2189460e+02 
 1.5780420e+01 
 2.6839250e+01 
 2.4041840e+01 
 3.7130940e+01 
 4.1584810e+01 
 5.7767670e+01 
 6.8656770e+01 
 1.0033360e+02 
 6.8967530e+01 
 8.0384830e+01 
 1.0184270e+02 
 9.7968410e+01 
 2.7314640e+02 
 1.0239150e+03 
 9.9106420e+02 
 0.0000000e+00 
 1.5125480e+02 
 9.3113190e+01 
 1.2817900e+02 
 6.0644180e+01 
 7.1881590e+01 
 6.5738050e+01 
 8.2475690e+01 
 1.3071300e+02 
 1.8518940e+02 
 1.7458290e+01 
 9.4330910e+00 
 2.3322840e+01 
 3.5267070e+01 
 7.1020760e+01 
 0.0000000e+00 
 8.5304570e+01 
 9.6898700e+01 
 9.6967670e+01 
 8.5550750e+01 
 1.1263460e+02 
 9.9141870e+01 
 2.1921690e+02 
 2.9470290e+02 
 1.2315220e+03 
 1.9302070e+03 
 1.0471830e+02 
 7.2928530e+01 
 8.8472890e+01 
 5.9380070e+01 
 7.8420250e+01 
 7.6979130e+01 
 7.3711150e+01 
 1.4495640e+02 
 9.4813320e+01 
 2.0844130e+01 
 1.0841410e+01 
 5.1309160e+00 
 1.0644610e+01 
 3.4318190e+01 
 4.1488940e+01 
 9.9298470e+01 
 1.0129330e+02 
 1.0657150e+02 
 9.4453570e+01 
 1.2376660e+02 
 1.5501760e+02 
 1.8693470e+02 
 1.7637500e+02 
 2.0637710e+02 
 2.0538910e+02 
 1.3268710e+02 
 9.8480300e+01 
 9.6344600e+01 
 7.6842300e+01 
 5.9290660e+01 
 7.4351740e+01 
 5.8289640e+01 
 6.6094200e+01 
 1.2096960e+02 
 3.3612950e+01 
 3.6898840e+00 
 5.1832330e+00 
 3.6431390e+01 
 3.5631560e+01 
 3.7339130e+02 
 1.0769810e+02 
 9.0631410e+01 
 1.0213600e+02 
 1.9634860e+02 
 1.6501590e+02 
 1.9318120e+02 
 2.1868610e+02 
 2.0496880e+02 
 1.5016060e+02 
 1.9048850e+02 
 1.0087030e+02 
 7.9784930e+01 
 7.8218260e+01 
 5.4944830e+01 
 6.5501180e+01 
 6.6510180e+01 
 6.1162200e+01 
 8.3720850e+01 
 7.2195130e+01 
 6.9258440e+01 
 7.2852140e+01 
 4.5342870e+01 
 2.9106840e+01 
 3.7177610e+01 
 6.5454910e+01 
 1.2301330e+02 
 1.1922330e+02 
 1.5190780e+02 
 1.9327340e+02 
 1.4810470e+02 
 1.5677370e+02 
 2.6871730e+02 
 4.0935280e+02 
 1.8920800e+02 
 4.1011160e+02 
 2.9095680e+02 
 1.0846600e+02 
 8.7234010e+01 
 5.3753160e+01 
 6.3129870e+01 
 6.6973180e+01 
 8.2807820e+01 
 6.0154160e+01 
 8.0257600e+01 
 2.0234600e+02 
 8.0085940e+01 
 5.2058630e+01 
 2.7461570e+01 
 4.3148530e+01 
 1.1383010e+02 
 5.5036440e+01 
 1.0401280e+02 
 1.7263110e+02 
 3.3863610e+02 
 1.5385190e+02 
 1.6413750e+02 
 4.1897620e+02 
 4.4196200e+02 
 4.2828790e+02 
 2.5558040e+02 
 1.8505750e+02 
 1.4132620e+02 
 8.6220670e+01 
 6.8531140e+01 
 7.4806370e+01 
 5.9016630e+01 
 4.2290050e+01 
 4.7812200e+01 
 4.7504980e+01 
 2.8714120e+02 
 1.4087750e+02 
 4.1407630e+01 
 3.8031730e+01 
 4.8786000e+01 
 5.9046030e+01 
 1.0771040e+02 
 1.6888770e+02 
 1.9263370e+02 
 3.0559220e+02 
 1.7924260e+02 
 1.4265600e+02 
 3.3313340e+02 
 3.7819400e+02 
 4.5803170e+02 
 5.3395310e+02 
 1.8605620e+02 
 1.9012200e+02 
 1.1741970e+02 
 7.6363070e+01 
 7.9653820e+01 
 3.5303680e+01 
 3.9442550e+01 
 2.6804250e+01 
 1.6535580e+01 
 1.0733940e+02 
 1.4152420e+02 
 9.5392170e+01 
 3.2117900e+01 
 3.7941990e+01 
 7.6535850e+01 
 1.3727780e+02 
 2.0351950e+02 
 3.1575020e+02 
 1.8878610e+02 
 2.1527040e+02 
 2.6475910e+02 
 1.9465760e+02 
 3.7932790e+02 
 2.2307260e+02 
 5.2528450e+02 
 2.6457880e+02 
 2.0413240e+02 
 1.1399820e+02 
 9.6725420e+01 
 8.0056680e+01 
 0.0000000e+00 
 3.7777170e+01 
 7.7070890e+00 
 6.6053970e+00 
 4.6611110e+01 
 6.3800960e+01 
 6.1305600e+01 
 2.8849950e+01 
 4.0709950e+01 
 5.6241770e+01 
 1.9079400e+02 
 1.8347510e+02 
 2.9251040e+02 
 2.3685490e+02 
 4.3482330e+02 
 5.1044430e+02 
 1.8184970e+02 
 4.1341990e+02 
 3.2793350e+02 
 2.9959530e+02 
 2.8003010e+02 
 1.3896070e+02 
 1.0764060e+02 
 6.2634990e+01 
 8.4481240e+01 
 0.0000000e+00 
 7.3611770e+01 
 6.9097120e+00 
 3.0143200e+00 
 6.2967030e+01 
 6.8827060e+01 
 9.4530150e+01 
 2.5592940e+01 
 5.1623590e+01 
 6.5829450e+01 
 2.1399440e+02 
 3.5681970e+02 
 3.2428700e+02 
 1.8615920e+02 
 4.6805200e+02 
 5.4943790e+02 
 5.2510650e+02 
 1.7528830e+02 
 3.2249140e+02 
 2.5482450e+02 
 2.1995330e+02 
 1.2828660e+02 
 1.5187660e+02 
 1.2692820e+02 
 1.8492760e+02 
 6.7782490e+01 
 4.1971130e+01 
 2.1590390e+01 
 5.3270670e+01 
 5.0105550e+01 
 6.5398700e+01 
 5.4044930e+01 
 2.4471480e+01 
 3.7854910e+01 
 1.2102570e+02 
 2.4675970e+02 
 2.7355420e+02 
 1.2395470e+02 
 2.5557500e+02 
 5.2208250e+02 
 5.0195780e+02 
 2.9527940e+02 
 3.3759150e+02 
 3.4587090e+02 
 2.1259470e+02 
 1.1972070e+02 
 1.2771870e+02 
 1.3268930e+02 
 1.6124760e+02 
 1.7865980e+02 
 1.0201090e+02 
 3.7230890e+01 
 2.5054280e+01 
 3.7962210e+01 
 4.2067150e+01 
 5.2846530e+01 
 6.0940120e+01 
 2.1967470e+01 
 3.1514720e+01 
 8.5139860e+01 
 2.2352460e+02 
 1.8828450e+02 
 1.3622280e+02 
 2.5225610e+02 
 2.6016570e+02 
 1.9845490e+02 
 2.2771080e+02 
 2.6512690e+02 
 3.0293010e+02 
 1.6200790e+02 
 2.1161770e+02 
 1.0430130e+02 
 1.1138110e+02 
 2.0005290e+02 
 1.9419160e+02 
 8.6753830e+01 
 3.2692210e+01 
 2.8806610e+01 
 4.8839410e+01 
 2.6135270e+01 
 4.8825750e+01 
 3.2935400e+01 
 2.1001510e+01 
 2.5913030e+01 
 4.3003170e+01 
 1.3578900e+02 
 1.5868700e+02 
 1.6550080e+02 
 3.2101460e+02 
 2.2581930e+02 
 1.7764350e+02 
 2.1737840e+02 
 2.8832410e+02 
 1.6403660e+02 
 2.2908170e+02 
 1.7816040e+02 
 1.7544590e+02 
 9.4931620e+01 
 2.1561210e+02 
 2.0450020e+02 
 1.0118860e+02 
 3.4137620e+01 
 3.5303220e+01 
 4.5215380e+01 
 1.4039310e+01 
 2.9030400e+01 
 2.5163920e+01 
 1.6880640e+01 
 1.5882360e+01 
 1.6447290e+01 
 6.6168450e+01 
 9.9363440e+01 
 1.3882240e+02 
 1.5918470e+02 
 1.9340520e+02 
 3.3702530e+02 
 2.6524210e+02 
 2.5274200e+02 
 3.2377440e+02 
 3.3145930e+02 
 1.7440810e+02 
 1.5416870e+02 
 1.3286880e+02 
 1.4944730e+02 
 2.8084080e+02 
 1.0121100e+02 
 2.5035700e+01 
 2.4688870e+01 
 2.6838230e+01 
 9.2648660e+00 
 1.1998100e+01 
 2.3960650e+01 
 9.8552060e+00 
 6.2688970e+01 
 0.0000000e+00 
 1.3387970e+01 
 1.5421010e+01 
 4.2896710e+01 
 4.8216340e+01 
 7.7074710e+01 
 2.0311210e+02 
 1.9663080e+02 
 1.4670230e+02 
 1.4644890e+02 
 1.1632410e+02 
 1.3944750e+02 
 1.3869970e+02 
 1.1031030e+02 
 3.0709420e+02 
 2.2720950e+02 
 1.0352430e+02 
 1.8153720e+01 
 1.9415330e+01 
 1.7812480e+01 
 9.7632720e-01 
 1.7802720e+00 
 1.4436200e+01 
 1.1441020e+01 
 0.0000000e+00 
 0.0000000e+00 
 0.0000000e+00 
 7.2421640e+00 
 8.8903040e+00 
 9.9899870e+00 
 2.4448930e+01 
 4.8884990e+01 
 4.3908530e+01 
 8.6130360e+01 
 9.7557870e+01 
 1.8913750e+02 
 9.5323260e+01 
 7.6317370e+01 
 6.8952070e+01 
 9.7250950e+01 
 1.5904960e+02 
 4.6866220e+01 
 2.2099810e+01 
 1.6383770e+01 
 1.5252090e+01 
 7.3103670e+00 
 2.2489600e+00 
 2.9210090e+00 
 2.1594950e+00 
 7.7980380e+01 
 0.0000000e+00 
 5.1124020e+02 
 0.0000000e+00 
 0.0000000e+00 
 0.0000000e+00 
 0.0000000e+00 
 0.0000000e+00 
 0.0000000e+00 
 4.8169350e+01 
 4.6458710e+01 
 5.2174760e+01 
 3.6417870e+01 
 7.0490670e+01 
 0.0000000e+00 
 0.0000000e+00 
 3.9362140e+01 
 3.5007260e+01 
 1.6244450e+01 
 4.9288770e+00 
 1.9569470e+01 
 1.4693440e+01 
 1.8775980e+01 
 8.2674490e+00 
 5.6667660e+00 
 0.0000000e+00 
 0.0000000e+00 
 0.0000000e+00 
 0.0000000e+00 
 0.0000000e+00 
 0.0000000e+00 
 0.0000000e+00 
 0.0000000e+00 
 0.0000000e+00 
 0.0000000e+00 
 0.0000000e+00 
 0.0000000e+00 
 0.0000000e+00 
 0.0000000e+00 
 0.0000000e+00 
 0.0000000e+00 
 0.0000000e+00 
 0.0000000e+00 
 1.2571750e+02 
 1.8426400e+01 
 3.8813530e+01 
 3.1410350e+01 
 2.2797500e+01 
 1.4388100e+01 
 1.7401170e+01 
 0.0000000e+00 
 0.0000000e+00 
 0.0000000e+00 
 0.0000000e+00 
 0.0000000e+00 
 0.0000000e+00 
 0.0000000e+00 
 0.0000000e+00 
 0.0000000e+00 
 0.0000000e+00 
 0.0000000e+00 
 0.0000000e+00 
 0.0000000e+00 
 0.0000000e+00 
 0.0000000e+00 
 0.0000000e+00 
 0.0000000e+00 
 0.0000000e+00 
 4.2059230e+01 
 4.6002590e+01 
 7.4195220e+01 
 1.5417820e+01 
 1.7502080e+01 
 1.3091520e+01 
 0.0000000e+00 
 0.0000000e+00 
 0.0000000e+00 
 0.0000000e+00 
 0.0000000e+00 
 0.0000000e+00 
 0.0000000e+00 
 0.0000000e+00 
 0.0000000e+00 
 0.0000000e+00 
 0.0000000e+00 
 0.0000000e+00 
 0.0000000e+00 
 0.0000000e+00 
 0.0000000e+00 
 0.0000000e+00 
 0.0000000e+00 
 0.0000000e+00 
 0.0000000e+00 
 5.8465910e+00 
 5.3448360e+01 
 3.4624330e+01 
 1.1278380e+01 
 1.6112190e+01 
 1.3010130e+01 
 1.0686460e+02 
 3.6442070e+01 
 0.0000000e+00 
 0.0000000e+00 
 0.0000000e+00 
 0.0000000e+00 
 0.0000000e+00 
 0.0000000e+00 
 0.0000000e+00 
 0.0000000e+00 
 0.0000000e+00 
 0.0000000e+00 
 0.0000000e+00 
 0.0000000e+00 
 0.0000000e+00 
 0.0000000e+00 
 0.0000000e+00 
 0.0000000e+00 
 0.0000000e+00 
 1.1569400e+01 
 8.5224280e+00 
 1.7147860e+01 
 5.4354060e+00 
 5.6531630e+00 
 3.5790980e+00 
 0.0000000e+00 
 0.0000000e+00 
 0.0000000e+00 
 0.0000000e+00 
 0.0000000e+00 
 0.0000000e+00 
 0.0000000e+00 
 0.0000000e+00 
 0.0000000e+00 
 0.0000000e+00 
 0.0000000e+00 
 0.0000000e+00 
 0.0000000e+00 
 0.0000000e+00 
 0.0000000e+00 
 0.0000000e+00 
 0.0000000e+00 
 0.0000000e+00 
 0.0000000e+00 
 1.5076850e+02 
 2.2338030e+01 
 1.7766990e+01 
 3.1135220e+00 
 4.4721210e+00 
 2.7073800e+00 
 1.9010230e+02 
 0.0000000e+00 
 0.0000000e+00 
 0.0000000e+00 
 0.0000000e+00 
 0.0000000e+00 
 0.0000000e+00 
 0.0000000e+00 
 0.0000000e+00 
 0.0000000e+00 
 0.0000000e+00 
 0.0000000e+00 
 0.0000000e+00 
 0.0000000e+00 
 0.0000000e+00 
 0.0000000e+00 
 0.0000000e+00 
 0.0000000e+00 
 0.0000000e+00 
 4.8677840e+01 
 1.1765410e+01 
 1.0699890e+01 
 1.6366230e+00 
 1.4382760e+00 
 1.8536990e+00 
 0.0000000e+00 
 0.0000000e+00 
 0.0000000e+00 
 2.8008630e+02 
 0.0000000e+00 
 0.0000000e+00 
 0.0000000e+00 
 0.0000000e+00 
 0.0000000e+00 
 0.0000000e+00 
 0.0000000e+00 
 0.0000000e+00 
 0.0000000e+00 
 0.0000000e+00 
 0.0000000e+00 
 0.0000000e+00 
 0.0000000e+00 
 0.0000000e+00 
 0.0000000e+00 
 1.6606810e+01 
 1.4704080e+01 
 4.9296140e+00 
 1.8480950e+00 
 2.6693080e-01 
 3.0601630e+00 
 1.8945790e+01 
 0.0000000e+00 
 0.0000000e+00 
 0.0000000e+00 
 0.0000000e+00 
 0.0000000e+00 
 0.0000000e+00 
 0.0000000e+00 
 0.0000000e+00 
 0.0000000e+00 
 0.0000000e+00 
 0.0000000e+00 
 0.0000000e+00 
 0.0000000e+00 
 0.0000000e+00 
 0.0000000e+00 
 0.0000000e+00 
 0.0000000e+00 
 0.0000000e+00 
 3.5484730e+00 
 4.0721850e+00 
 4.0360910e+00 
 6.4504250e-01 
 1.1389950e+00 
 0.0000000e+00 
 0.0000000e+00 
 1.4429890e+02 
 0.0000000e+00 
 0.0000000e+00 
 0.0000000e+00 
 0.0000000e+00 
 0.0000000e+00 
 0.0000000e+00 
 0.0000000e+00 
 0.0000000e+00 
 0.0000000e+00 
 0.0000000e+00 
 0.0000000e+00 
 0.0000000e+00 
 0.0000000e+00 
 0.0000000e+00 
 0.0000000e+00 
 0.0000000e+00 
 0.0000000e+00 
 1.6920130e+00 
 1.1239180e+00 
 7.5676660e-01 
 3.5454990e-01 
 1.4360830e-01 
 3.1623000e+01 
 0.0000000e+00 
 8.6607490e+01 
 0.0000000e+00 
 0.0000000e+00 
 0.0000000e+00 
 0.0000000e+00 
 0.0000000e+00 
 0.0000000e+00 
 0.0000000e+00 
 0.0000000e+00 
 0.0000000e+00 
 0.0000000e+00 
 0.0000000e+00 
 0.0000000e+00 
 0.0000000e+00 
 0.0000000e+00 
 0.0000000e+00 
 0.0000000e+00 
 0.0000000e+00 
 1.0798300e+00 
 7.3341090e+00 
 2.4408710e+00 
 5.7159860e-01 
 1.6263390e+00 
 0.0000000e+00 
 4.1172260e+01 
 0.0000000e+00 
 0.0000000e+00 
 0.0000000e+00 
 0.0000000e+00 
 0.0000000e+00 
 0.0000000e+00 
 0.0000000e+00 
 0.0000000e+00 
 0.0000000e+00 
 0.0000000e+00 
 0.0000000e+00 
 0.0000000e+00 
 0.0000000e+00 
 4.7465570e+03 
 0.0000000e+00 
 0.0000000e+00 
 0.0000000e+00 
 0.0000000e+00 
 1.8745220e+01 
 8.1229580e+00 
 5.6990420e-01 
 4.8635210e-03 
 2.7431490e+00 
 1.0233170e+01 
 0.0000000e+00 
 0.0000000e+00 
 1.8849390e+02 
 0.0000000e+00 
 7.2418730e+02 
 4.2896400e+02 
 0.0000000e+00 
 0.0000000e+00 
 0.0000000e+00 
 0.0000000e+00 
 0.0000000e+00 
 0.0000000e+00 
 0.0000000e+00 
 0.0000000e+00 
 0.0000000e+00 
 0.0000000e+00 
 0.0000000e+00 
 0.0000000e+00 
 0.0000000e+00 
 1.6729680e+00 
 5.2399010e+00 
 4.0133650e+00 
 2.0626650e+00 
 3.4171830e+00 
 1.3435930e+01 
 0.0000000e+00 
 0.0000000e+00 
 0.0000000e+00 
 0.0000000e+00 
 3.3299390e+02 
 4.6625280e+02 
 0.0000000e+00 
 0.0000000e+00 
 0.0000000e+00 
 0.0000000e+00 
 0.0000000e+00 
 0.0000000e+00 
 0.0000000e+00 
 0.0000000e+00 
 0.0000000e+00 
 0.0000000e+00 
 0.0000000e+00 
 0.0000000e+00 
 0.0000000e+00 
 5.6831610e+00 
 1.7631480e+00 
 1.4521210e-01 
 3.8759470e+00 
 1.7201060e+01 
 4.4848360e+01 
 1.1737130e+02 
 0.0000000e+00 
 1.5528410e+02 
 0.0000000e+00 
 0.0000000e+00 
 0.0000000e+00 
 0.0000000e+00 
 0.0000000e+00 
 0.0000000e+00 
 0.0000000e+00 
 0.0000000e+00 
 0.0000000e+00 
 0.0000000e+00 
 0.0000000e+00 
 3.7730790e+02 
 0.0000000e+00 
 0.0000000e+00 
 0.0000000e+00 
 0.0000000e+00 
 1.4875820e+01 
 4.9141420e+00 
 4.0930150e+00 
 7.2622270e+01 
 2.4694960e-01 
 3.9488170e+01 
 0.0000000e+00 
 1.4334340e+02 
 0.0000000e+00 
 7.0242630e+03 
 0.0000000e+00 
 0.0000000e+00 
 3.5078830e+02 
 0.0000000e+00 
 0.0000000e+00 
 0.0000000e+00 
 2.9721920e+02 
 0.0000000e+00 
 0.0000000e+00 
 0.0000000e+00 
 0.0000000e+00 
 0.0000000e+00 
 0.0000000e+00 
 0.0000000e+00 
 0.0000000e+00 
 1.9965110e+01 
 1.1233800e+01 
 1.0230900e+01 
 0.0000000e+00 
 5.0604200e+01 
 6.4117210e+01 
 7.2171790e+01 
 0.0000000e+00 
 0.0000000e+00 
 0.0000000e+00 
 3.8507810e+02 
 0.0000000e+00 
 0.0000000e+00 
 0.0000000e+00 
 9.5277860e+02 
 0.0000000e+00 
 0.0000000e+00 
 2.0484470e+03 
 0.0000000e+00 
 0.0000000e+00 
 0.0000000e+00 
 0.0000000e+00 
 0.0000000e+00 
 0.0000000e+00 
 2.7089400e+01 
 1.5440650e+01 
 1.3320680e+01 
 9.0249880e+00 
 0.0000000e+00 
 6.1705340e+01 
 8.1555180e+01 
 7.5818420e+01 
 1.3231420e+02 
 1.6482290e+02 
 4.2242690e+02 
 0.0000000e+00 
 0.0000000e+00 
 0.0000000e+00 
 0.0000000e+00 
 0.0000000e+00 
 0.0000000e+00 
 3.2543750e+02 
 0.0000000e+00 
 2.1402270e+02 
 0.0000000e+00 
 0.0000000e+00 
 2.8247070e+02 
 0.0000000e+00 
 0.0000000e+00 
 0.0000000e+00 
 1.3053260e+01 
 1.6292550e+01 
 1.1993110e+01 
 0.0000000e+00 
 0.0000000e+00 
 1.2458670e+02 
 8.7242670e+01 
 1.3730660e+02 
 1.6359050e+02 
 1.9074920e+02 
 0.0000000e+00 
 0.0000000e+00 
 0.0000000e+00 
 5.6854220e+02 
 0.0000000e+00 
 0.0000000e+00 
 4.0870920e+02 
 5.8173770e+02 
 0.0000000e+00 
 0.0000000e+00 
 0.0000000e+00 
 1.3325960e+03 
 7.8194070e+02 
 0.0000000e+00 
 1.0519390e+02 
 1.4388480e+01 
 2.1662780e+01 
 1.9064600e+01 
 0.0000000e+00 
 0.0000000e+00 
 0.0000000e+00 
 1.3632050e+02 
 1.3500480e+02 
 1.2136900e+02 
 0.0000000e+00 
 0.0000000e+00 
 4.8185560e+02 
 0.0000000e+00 
 0.0000000e+00 
 0.0000000e+00 
 8.0634710e+02 
 4.6771780e+02 
 7.7060400e+02 
 0.0000000e+00 
 0.0000000e+00 
 0.0000000e+00 
 0.0000000e+00 
 0.0000000e+00 
 0.0000000e+00 
 3.4889530e+01 
 9.6233900e+00 
 1.6798570e+01 
 2.5170180e+01 
 0.0000000e+00 
 0.0000000e+00 
 0.0000000e+00 
 0.0000000e+00 
 2.8315840e+02 
 1.9588950e+02 
 2.8944440e+02 
 1.8590460e+02 
 0.0000000e+00 
 0.0000000e+00 
 5.7192060e+02 
 0.0000000e+00 
 0.0000000e+00 
 0.0000000e+00 
 0.0000000e+00 
 0.0000000e+00 
 2.9461400e+02 
 6.2663290e+02 
 8.0988070e+02 
 0.0000000e+00 
 0.0000000e+00 
 3.2823300e+01 
 1.3690170e+00 
 1.9039700e+01 
 1.9034890e+01 
 0.0000000e+00 
 0.0000000e+00 
 0.0000000e+00 
 0.0000000e+00 
 0.0000000e+00 
 1.6917520e+02 
 2.0786300e+02 
 1.3529910e+02 
 4.9408200e+02 
 3.1836330e+02 
 0.0000000e+00 
 9.5071980e+02 
 0.0000000e+00 
 0.0000000e+00 
 5.5293640e+02 
 0.0000000e+00 
 0.0000000e+00 
 0.0000000e+00 
 0.0000000e+00 
 0.0000000e+00 
 0.0000000e+00 
 3.7444550e+01 
 6.5738960e+00 
 1.0610800e+01 
 5.3700640e+00 
 0.0000000e+00 
 0.0000000e+00 
 0.0000000e+00 
 0.0000000e+00 
 0.0000000e+00 
 0.0000000e+00 
 2.2063760e+02 
 2.2228070e+02 
 2.8696090e+02 
 1.4433530e+03 
 0.0000000e+00 
 0.0000000e+00 
 0.0000000e+00 
 4.2973240e+02 
 3.7408910e+02 
 0.0000000e+00 
 3.5017920e+02 
 0.0000000e+00 
 5.4193220e+02 
 0.0000000e+00 
 1.4881040e+02 
 4.1518050e+01 
 6.6812790e+00 
 8.3225000e+00 
 0.0000000e+00 
 0.0000000e+00 
 0.0000000e+00 
 0.0000000e+00 
 0.0000000e+00 
 0.0000000e+00 
 0.0000000e+00 
 0.0000000e+00 
 2.0659570e+02 
 2.6634080e+02 
 4.5933850e+02 
 2.2098860e+02 
 0.0000000e+00 
 9.0119910e+02 
 3.4402890e+02 
 0.0000000e+00 
 0.0000000e+00 
 0.0000000e+00 
 0.0000000e+00 
 0.0000000e+00 
 8.0302070e+02 
 2.2578610e+02 
 5.7929420e+01 
 2.2924020e+01 
 5.6343320e+00 
 0.0000000e+00 
 0.0000000e+00 
 0.0000000e+00 
 0.0000000e+00 
 0.0000000e+00 
 0.0000000e+00 
 0.0000000e+00 
 0.0000000e+00 
 0.0000000e+00 
 2.1566620e+02 
 1.9910200e+02 
 4.5604640e+02 
 7.2674530e+02 
 2.4195080e+02 
 2.7991880e+02 
 2.6042590e+02 
 1.9382590e+02 
 0.0000000e+00 
 0.0000000e+00 
 3.4224000e+02 
 0.0000000e+00 
 2.3735390e+02 
 8.7495180e+01 
 3.3429040e+01 
 0.0000000e+00 
 0.0000000e+00 
 0.0000000e+00 
 0.0000000e+00 
 0.0000000e+00 
 0.0000000e+00 
 0.0000000e+00 
 0.0000000e+00 
 0.0000000e+00 
 0.0000000e+00 
 0.0000000e+00 
 0.0000000e+00 
 2.7466130e+02 
 2.7794510e+02 
 3.8056850e+02 
 3.6779920e+02 
 3.9015660e+02 
 3.0781100e+02 
 2.2489510e+02 
 5.6621980e+02 
 1.8689970e+02 
 0.0000000e+00 
 1.2905580e+02 
 1.8523890e+02 
 1.1959250e+02 
 0.0000000e+00 
 0.0000000e+00 
 0.0000000e+00 
 0.0000000e+00 
 0.0000000e+00 
 0.0000000e+00 
 0.0000000e+00 
 0.0000000e+00 
 0.0000000e+00 
 0.0000000e+00 
 0.0000000e+00 
 0.0000000e+00 
 0.0000000e+00 
 0.0000000e+00 
 0.0000000e+00 
 0.0000000e+00 
 9.6638340e+02 
 2.6024260e+02 
 2.7254910e+02 
 2.4422850e+02 
 2.8788660e+02 
 1.7612890e+02 
 1.2694730e+02 
 1.3277750e+02 
 0.0000000e+00 
 0.0000000e+00 
 0.0000000e+00 
 0.0000000e+00 
 0.0000000e+00 
 0.0000000e+00 
 0.0000000e+00 
 0.0000000e+00 
 0.0000000e+00 
 0.0000000e+00 
 0.0000000e+00 
 0.0000000e+00 
 0.0000000e+00 
 0.0000000e+00 
 0.0000000e+00 
 0.0000000e+00 
 0.0000000e+00 
 0.0000000e+00 
 0.0000000e+00 
 0.0000000e+00 
 0.0000000e+00 
 3.8807430e+02 
 5.9300590e+02 
 0.0000000e+00 
 0.0000000e+00 
 0.0000000e+00 
 0.0000000e+00 
 0.0000000e+00 
 0.0000000e+00 
 0.0000000e+00 
 0.0000000e+00 
 0.0000000e+00 
 0.0000000e+00 
 0.0000000e+00 
 0.0000000e+00 
 0.0000000e+00 
 0.0000000e+00 
 0.0000000e+00 
 0.0000000e+00 
 0.0000000e+00 
 0.0000000e+00 
 0.0000000e+00 
 0.0000000e+00 
 0.0000000e+00 
 0.0000000e+00 
 0.0000000e+00 
 0.0000000e+00 
 0.0000000e+00 
 0.0000000e+00 
 0.0000000e+00 
 0.0000000e+00 
 0.0000000e+00 
 0.0000000e+00 
 0.0000000e+00 
 0.0000000e+00 
 0.0000000e+00 
 0.0000000e+00 
 0.0000000e+00 
 0.0000000e+00 
 0.0000000e+00 
 0.0000000e+00 
 0.0000000e+00 
 0.0000000e+00 
 0.0000000e+00 
 0.0000000e+00 
 0.0000000e+00 
 0.0000000e+00 
 0.0000000e+00 
 0.0000000e+00 
 0.0000000e+00 
 0.0000000e+00 
 0.0000000e+00 
 0.0000000e+00 
 0.0000000e+00 
 0.0000000e+00 
 0.0000000e+00 
 0.0000000e+00 
 0.0000000e+00 
 0.0000000e+00 
 0.0000000e+00 
 0.0000000e+00 
 0.0000000e+00 
 0.0000000e+00 
 0.0000000e+00 
 0.0000000e+00 
 0.0000000e+00 
 0.0000000e+00 
 0.0000000e+00 
 0.0000000e+00 
 0.0000000e+00 
 0.0000000e+00 
 0.0000000e+00 
 0.0000000e+00 
 0.0000000e+00 
 0.0000000e+00 
 0.0000000e+00 
 0.0000000e+00 
 0.0000000e+00 
 0.0000000e+00 
 0.0000000e+00 
 0.0000000e+00 
 0.0000000e+00 
 0.0000000e+00 
 0.0000000e+00 
 0.0000000e+00 
 0.0000000e+00 
 0.0000000e+00 
 0.0000000e+00 
 0.0000000e+00 
 0.0000000e+00 
 0.0000000e+00 
 0.0000000e+00 
 0.0000000e+00 
 0.0000000e+00 
 0.0000000e+00 
 0.0000000e+00 
 0.0000000e+00 
 0.0000000e+00 
 0.0000000e+00 
 0.0000000e+00 
 0.0000000e+00 
 0.0000000e+00 
 0.0000000e+00 
 0.0000000e+00 
 0.0000000e+00 
 0.0000000e+00 
 0.0000000e+00 
 0.0000000e+00 
 0.0000000e+00 
 0.0000000e+00 
 0.0000000e+00 
 0.0000000e+00 
 0.0000000e+00 
 0.0000000e+00 
 0.0000000e+00 
 0.0000000e+00 
 0.0000000e+00 
 0.0000000e+00 
 0.0000000e+00 
 0.0000000e+00 
 0.0000000e+00 
 0.0000000e+00 
 0.0000000e+00 
 0.0000000e+00 
 0.0000000e+00 
 0.0000000e+00 
 0.0000000e+00 
 0.0000000e+00 
 0.0000000e+00 
 0.0000000e+00 
 0.0000000e+00 
 0.0000000e+00 
 0.0000000e+00 
 0.0000000e+00 
 0.0000000e+00 
 0.0000000e+00 
 0.0000000e+00 
 0.0000000e+00 
 0.0000000e+00 
 0.0000000e+00 
 0.0000000e+00 
 0.0000000e+00 
 0.0000000e+00 
 0.0000000e+00 
 0.0000000e+00 
 0.0000000e+00 
 0.0000000e+00 
 0.0000000e+00 
 0.0000000e+00 
 0.0000000e+00 
 0.0000000e+00 
 0.0000000e+00 
 0.0000000e+00 
 0.0000000e+00 
 0.0000000e+00 
 0.0000000e+00 
 0.0000000e+00 
 0.0000000e+00 
 0.0000000e+00 
 0.0000000e+00 
 0.0000000e+00 
 0.0000000e+00 
 0.0000000e+00 
 0.0000000e+00 
 0.0000000e+00 
 0.0000000e+00 
 0.0000000e+00 
 0.0000000e+00 
 0.0000000e+00 
 0.0000000e+00 
 0.0000000e+00 
 0.0000000e+00 
 0.0000000e+00 
 0.0000000e+00 
 0.0000000e+00 
 0.0000000e+00 
 0.0000000e+00 
 0.0000000e+00 
 0.0000000e+00 
 0.0000000e+00 
 0.0000000e+00 
 0.0000000e+00 
 0.0000000e+00 
 0.0000000e+00 
 0.0000000e+00 
 0.0000000e+00 
 0.0000000e+00 
 0.0000000e+00 
 0.0000000e+00 
 0.0000000e+00 
 0.0000000e+00 
 0.0000000e+00 
 0.0000000e+00 
 0.0000000e+00 
 0.0000000e+00 
 0.0000000e+00 
 0.0000000e+00 
 0.0000000e+00 
 0.0000000e+00 
 0.0000000e+00 
 0.0000000e+00 
 0.0000000e+00 
 0.0000000e+00 
 0.0000000e+00 
 0.0000000e+00 
 0.0000000e+00 
 0.0000000e+00 
 0.0000000e+00 
 0.0000000e+00 
 0.0000000e+00 
 0.0000000e+00 
 0.0000000e+00 
 0.0000000e+00 
 0.0000000e+00 
 0.0000000e+00 
 0.0000000e+00 
 0.0000000e+00 
 0.0000000e+00 
 0.0000000e+00 
 0.0000000e+00 
 0.0000000e+00 
 0.0000000e+00 
 0.0000000e+00 
 0.0000000e+00 
 0.0000000e+00 
 0.0000000e+00 
 0.0000000e+00 
 0.0000000e+00 
 0.0000000e+00 
 0.0000000e+00 
 0.0000000e+00 
 0.0000000e+00 
 0.0000000e+00 
 0.0000000e+00 
 0.0000000e+00 
 0.0000000e+00 
 0.0000000e+00 
 0.0000000e+00 
 0.0000000e+00 
 0.0000000e+00 
 0.0000000e+00 
 0.0000000e+00 
 0.0000000e+00 
 0.0000000e+00 
 0.0000000e+00 
 0.0000000e+00 
 0.0000000e+00 
 0.0000000e+00 
 0.0000000e+00 
 0.0000000e+00 
 0.0000000e+00 
 0.0000000e+00 
 0.0000000e+00 
 0.0000000e+00 
 0.0000000e+00 
 0.0000000e+00 
 0.0000000e+00 
 0.0000000e+00 
 0.0000000e+00 
 0.0000000e+00 
 0.0000000e+00 
 0.0000000e+00 
 0.0000000e+00 
 0.0000000e+00 
 0.0000000e+00 
 0.0000000e+00 
 0.0000000e+00 
 0.0000000e+00 
 0.0000000e+00 
 0.0000000e+00 
 0.0000000e+00 
 0.0000000e+00 
 0.0000000e+00 
 0.0000000e+00 
 0.0000000e+00 
 0.0000000e+00 
 0.0000000e+00 
 0.0000000e+00 
 0.0000000e+00 
 0.0000000e+00 
 0.0000000e+00 
 0.0000000e+00 
 0.0000000e+00 
 0.0000000e+00 
 0.0000000e+00 
 0.0000000e+00 
 0.0000000e+00 
 0.0000000e+00 
 0.0000000e+00 
 0.0000000e+00 
 0.0000000e+00 
 0.0000000e+00 
 0.0000000e+00 
 0.0000000e+00 
 0.0000000e+00 
 0.0000000e+00 
 0.0000000e+00 
 0.0000000e+00 
 0.0000000e+00 
 0.0000000e+00 
 0.0000000e+00 
 0.0000000e+00 
 0.0000000e+00 
 0.0000000e+00 
 0.0000000e+00 
 0.0000000e+00 
 0.0000000e+00 
 0.0000000e+00 
 0.0000000e+00 
 0.0000000e+00 
 0.0000000e+00 
 0.0000000e+00 
 0.0000000e+00 
 0.0000000e+00 
 0.0000000e+00 
 0.0000000e+00 
 0.0000000e+00 
 0.0000000e+00 
 0.0000000e+00 
 0.0000000e+00 
 0.0000000e+00 
 0.0000000e+00 
 0.0000000e+00 
 0.0000000e+00 
 0.0000000e+00 
 0.0000000e+00 
 0.0000000e+00 
 0.0000000e+00 
 0.0000000e+00 
 0.0000000e+00 
 0.0000000e+00 
 0.0000000e+00 
 0.0000000e+00 
 0.0000000e+00 
 0.0000000e+00 
 0.0000000e+00 
 0.0000000e+00 
 0.0000000e+00 
 0.0000000e+00 
 0.0000000e+00 
 0.0000000e+00 
 0.0000000e+00 
 0.0000000e+00 
 0.0000000e+00 
 0.0000000e+00 
 0.0000000e+00 
 0.0000000e+00 
 0.0000000e+00 
 0.0000000e+00 
 0.0000000e+00 
 0.0000000e+00 
 0.0000000e+00 
 0.0000000e+00 
 0.0000000e+00 
 0.0000000e+00 
 0.0000000e+00 
 0.0000000e+00 
 0.0000000e+00 
 0.0000000e+00 
 0.0000000e+00 
 0.0000000e+00 
 0.0000000e+00 
 0.0000000e+00 
 0.0000000e+00 
 0.0000000e+00 
 0.0000000e+00 
 0.0000000e+00 
 0.0000000e+00 
 0.0000000e+00 
 0.0000000e+00 
 0.0000000e+00 
 0.0000000e+00 
 0.0000000e+00 
 0.0000000e+00 
 0.0000000e+00 
 0.0000000e+00 
 0.0000000e+00 
 0.0000000e+00 
 0.0000000e+00 
 0.0000000e+00 
 0.0000000e+00 
 0.0000000e+00 
 0.0000000e+00 
 0.0000000e+00 
 0.0000000e+00 
 0.0000000e+00 
 0.0000000e+00 
 0.0000000e+00 
 0.0000000e+00 
 0.0000000e+00 
 0.0000000e+00 
 0.0000000e+00 
 0.0000000e+00 
 0.0000000e+00 
 0.0000000e+00 
 0.0000000e+00 
 0.0000000e+00 
 0.0000000e+00 
 0.0000000e+00 
 0.0000000e+00 
 0.0000000e+00 
 0.0000000e+00 
 0.0000000e+00 
 0.0000000e+00 
 0.0000000e+00 
 0.0000000e+00 
 0.0000000e+00 
 0.0000000e+00 
 0.0000000e+00 
 0.0000000e+00 
 0.0000000e+00 
 0.0000000e+00 
 0.0000000e+00 
 0.0000000e+00 
 0.0000000e+00 
 0.0000000e+00 
 0.0000000e+00 
 0.0000000e+00 
 0.0000000e+00 
 0.0000000e+00 
 0.0000000e+00 
 0.0000000e+00 
 0.0000000e+00 
 0.0000000e+00 
 0.0000000e+00 
 0.0000000e+00 
 0.0000000e+00 
 0.0000000e+00 
 0.0000000e+00 
 0.0000000e+00 
 0.0000000e+00 
 0.0000000e+00 
 0.0000000e+00 
 0.0000000e+00 
 0.0000000e+00 
 0.0000000e+00 
 0.0000000e+00 
 0.0000000e+00 
 0.0000000e+00 
 0.0000000e+00 
 0.0000000e+00 
 0.0000000e+00 
 0.0000000e+00 
 0.0000000e+00 
 0.0000000e+00 
 0.0000000e+00 
 0.0000000e+00 
 0.0000000e+00 
 0.0000000e+00 
 0.0000000e+00 
 0.0000000e+00 
 0.0000000e+00 
 0.0000000e+00 
 0.0000000e+00 
 0.0000000e+00 
 0.0000000e+00 
 0.0000000e+00 
 0.0000000e+00 
 0.0000000e+00 
 0.0000000e+00 
 0.0000000e+00 
 0.0000000e+00 
 0.0000000e+00 
 0.0000000e+00 
 0.0000000e+00 
 0.0000000e+00 
 0.0000000e+00 
 0.0000000e+00 
 0.0000000e+00 
 0.0000000e+00 
 0.0000000e+00 
 0.0000000e+00 
 0.0000000e+00 
 0.0000000e+00 
 0.0000000e+00 
 0.0000000e+00 
 0.0000000e+00 
 0.0000000e+00 
 0.0000000e+00 
 0.0000000e+00 
 0.0000000e+00 
 0.0000000e+00 
 0.0000000e+00 
 0.0000000e+00 
 0.0000000e+00 
 0.0000000e+00 
 0.0000000e+00 
 0.0000000e+00 
 0.0000000e+00 
 0.0000000e+00 
 0.0000000e+00 
 0.0000000e+00 
 0.0000000e+00 
 0.0000000e+00 
 0.0000000e+00 
 0.0000000e+00 
 0.0000000e+00 
 0.0000000e+00 
 0.0000000e+00 
 0.0000000e+00 
 0.0000000e+00 
 0.0000000e+00 
 0.0000000e+00 
 0.0000000e+00 
 0.0000000e+00 
 0.0000000e+00 
 0.0000000e+00 
 0.0000000e+00 
 0.0000000e+00 
 0.0000000e+00 
 0.0000000e+00 
 0.0000000e+00 
 0.0000000e+00 
 0.0000000e+00 
 0.0000000e+00 
 0.0000000e+00 
 0.0000000e+00 
 0.0000000e+00 
 0.0000000e+00 
 0.0000000e+00 
 0.0000000e+00 
 0.0000000e+00 
 0.0000000e+00 
 0.0000000e+00 
 0.0000000e+00 
 0.0000000e+00 
 0.0000000e+00 
 0.0000000e+00 
 0.0000000e+00 
 0.0000000e+00 
 0.0000000e+00 
 0.0000000e+00 
 0.0000000e+00 
 0.0000000e+00 
 0.0000000e+00 
 0.0000000e+00 
 0.0000000e+00 
 0.0000000e+00 
 0.0000000e+00 
 0.0000000e+00 
 0.0000000e+00 
 0.0000000e+00 
 0.0000000e+00 
 0.0000000e+00 
 0.0000000e+00 
 0.0000000e+00 
 0.0000000e+00 
 0.0000000e+00 
 0.0000000e+00 
 0.0000000e+00 
 0.0000000e+00 
 0.0000000e+00 
 0.0000000e+00 
 0.0000000e+00 
 0.0000000e+00 
 0.0000000e+00 
 0.0000000e+00 
 0.0000000e+00 
 0.0000000e+00 
 0.0000000e+00 
 0.0000000e+00 
 0.0000000e+00 
 0.0000000e+00 
 0.0000000e+00 
 0.0000000e+00 
 0.0000000e+00 
 0.0000000e+00 
 0.0000000e+00 
 0.0000000e+00 
 0.0000000e+00 
 0.0000000e+00 
 0.0000000e+00 
 0.0000000e+00 
 0.0000000e+00 
 0.0000000e+00 
 0.0000000e+00 
 0.0000000e+00 
 0.0000000e+00 
 0.0000000e+00 
 0.0000000e+00 
 0.0000000e+00 
 0.0000000e+00 
 0.0000000e+00 
 0.0000000e+00 
 0.0000000e+00 
 0.0000000e+00 
 0.0000000e+00 
 0.0000000e+00 
 0.0000000e+00 
 0.0000000e+00 
 0.0000000e+00 
 0.0000000e+00 
 0.0000000e+00 
 0.0000000e+00 
 0.0000000e+00 
 0.0000000e+00 
 0.0000000e+00 
 0.0000000e+00 
 0.0000000e+00 
 0.0000000e+00 
 0.0000000e+00 
 0.0000000e+00 
 0.0000000e+00 
 0.0000000e+00 
 0.0000000e+00 
 0.0000000e+00 
 0.0000000e+00 
 0.0000000e+00 
 0.0000000e+00 
 0.0000000e+00 
 0.0000000e+00 
 0.0000000e+00 
 0.0000000e+00 
 0.0000000e+00 
 0.0000000e+00 
 0.0000000e+00 
 0.0000000e+00 
 0.0000000e+00 
 0.0000000e+00 
 0.0000000e+00 
 0.0000000e+00 
 0.0000000e+00 
 0.0000000e+00 
 0.0000000e+00 
 0.0000000e+00 
 0.0000000e+00 
 0.0000000e+00 
 0.0000000e+00 
 0.0000000e+00 
 0.0000000e+00 
 0.0000000e+00 
 0.0000000e+00 
 0.0000000e+00 
 0.0000000e+00 
 0.0000000e+00 
 0.0000000e+00 
 0.0000000e+00 
 0.0000000e+00 
 0.0000000e+00 
 0.0000000e+00 
 0.0000000e+00 
 0.0000000e+00 
 0.0000000e+00 
 0.0000000e+00 
 0.0000000e+00 
 0.0000000e+00 
 0.0000000e+00 
 0.0000000e+00 
 0.0000000e+00 
 0.0000000e+00 
 0.0000000e+00 
 0.0000000e+00 
 0.0000000e+00 
 0.0000000e+00 
 0.0000000e+00 
 0.0000000e+00 
 0.0000000e+00 
 0.0000000e+00 
 0.0000000e+00 
 0.0000000e+00 
 0.0000000e+00 
 0.0000000e+00 
 0.0000000e+00 
 0.0000000e+00 
 0.0000000e+00 
 0.0000000e+00 
 0.0000000e+00 
 0.0000000e+00 
 0.0000000e+00 
 0.0000000e+00 
 0.0000000e+00 
 0.0000000e+00 
 0.0000000e+00 
 0.0000000e+00 
 0.0000000e+00 
 0.0000000e+00 
 0.0000000e+00 
 0.0000000e+00 
 0.0000000e+00 
 0.0000000e+00 
 0.0000000e+00 
 0.0000000e+00 
 0.0000000e+00 
 0.0000000e+00 
 0.0000000e+00 
 0.0000000e+00 
 0.0000000e+00 
 0.0000000e+00 
 0.0000000e+00 
 0.0000000e+00 
 0.0000000e+00 
 0.0000000e+00 
 0.0000000e+00 
 0.0000000e+00 
 0.0000000e+00 
 0.0000000e+00 
 0.0000000e+00 
 0.0000000e+00 
 0.0000000e+00 
 0.0000000e+00 
 0.0000000e+00 
 0.0000000e+00 
 0.0000000e+00 
 0.0000000e+00 
 0.0000000e+00 
 0.0000000e+00 
 0.0000000e+00 
 0.0000000e+00 
 0.0000000e+00 
 0.0000000e+00 
 0.0000000e+00 
 0.0000000e+00 
 0.0000000e+00 
 0.0000000e+00 
 0.0000000e+00 
 0.0000000e+00 
 0.0000000e+00 
 0.0000000e+00 
 0.0000000e+00 
 0.0000000e+00 
 0.0000000e+00 
 0.0000000e+00 
 0.0000000e+00 
 0.0000000e+00 
 0.0000000e+00 
 0.0000000e+00 
 0.0000000e+00 
 0.0000000e+00 
 0.0000000e+00 
 0.0000000e+00 
 0.0000000e+00 
 0.0000000e+00 
 0.0000000e+00 
 0.0000000e+00 
 0.0000000e+00 
 0.0000000e+00 
 0.0000000e+00 
 0.0000000e+00 
 0.0000000e+00 
 0.0000000e+00 
 0.0000000e+00 
 0.0000000e+00 
 0.0000000e+00 
 0.0000000e+00 
 0.0000000e+00 
 0.0000000e+00 
 0.0000000e+00 
 0.0000000e+00 
 0.0000000e+00 
 0.0000000e+00 
 0.0000000e+00 
 0.0000000e+00 
 0.0000000e+00 
 0.0000000e+00 
 0.0000000e+00 
 0.0000000e+00 
 0.0000000e+00 
 0.0000000e+00 
