 1.8030260e-01 
 2.7484300e-01 
 3.7999910e-01 
 2.4614930e-01 
 3.7381940e-01 
 2.5568510e-01 
 2.7898280e-01 
 5.2253570e-01 
 4.5071990e-01 
 4.4183360e-01 
 2.8797810e-01 
 1.6507720e-01 
 7.0044270e-02 
 2.3744640e-01 
 2.6836930e-01 
 3.3567110e-01 
 4.0441180e-01 
 7.2806070e-01 
 6.8382890e-01 
 5.5205690e-01 
 6.0009710e-01 
 5.9646670e-01 
 4.9173870e-01 
 2.3416750e-01 
 8.4708830e-02 
 3.0175920e-01 
 2.4276820e-01 
 3.7438750e-01 
 8.1670590e-01 
 7.7070520e-01 
 2.7040630e-01 
 2.6191100e-01 
 2.5344460e-01 
 2.2914640e-01 
 2.4169010e-01 
 1.7002910e-01 
 1.6174760e-01 
 3.1890690e-01 
 5.6727320e-01 
 1.6349020e+00 
 1.3928120e+00 
 2.4611740e+00 
 2.8735890e+00 
 5.6152640e+00 
 3.0043980e+00 
 1.8187150e+00 
 9.3707980e-01 
 5.0874560e-01 
 3.9720240e-01 
 1.4405780e-01 
 2.5211150e-01 
 4.4610410e-01 
 3.6753120e-01 
 2.3571880e-01 
 6.1485410e-01 
 3.5217420e-01 
 5.0759730e-02 
 6.9842260e-02 
 1.6920500e-01 
 2.3085970e-01 
 3.0780560e-01 
 3.3000920e-01 
 9.6927450e-01 
 5.5049810e+00 
 4.3180430e+00 
 4.3311210e+00 
 2.3965790e+00 
 2.1433340e+00 
 2.0119040e+00 
 2.1782170e+00 
 9.2166690e-01 
 6.6186910e-01 
 5.0558790e-01 
 4.9059750e-01 
 3.1903880e-01 
 2.6518100e-01 
 2.3619490e-01 
 4.1466340e-01 
 1.9867810e-01 
 1.3675620e-01 
 4.9838540e-01 
 4.9357280e-01 
 2.3419140e-01 
 1.0191770e-01 
 3.8468900e-01 
 4.9935020e-01 
 5.4242650e-01 
 5.1009360e+00 
 5.5469670e+00 
 3.8686890e+00 
 2.5556880e+00 
 2.0306450e+00 
 1.3561140e+00 
 1.2397940e+00 
 1.1792240e+00 
 5.4322140e-01 
 5.5382370e-01 
 5.9736880e-01 
 3.7596780e-01 
 4.6562360e-01 
 9.9464050e-02 
 2.0371260e-01 
 3.0302030e-01 
 3.2231540e-01 
 1.4397630e-01 
 3.7955780e-01 
 4.7113750e-01 
 3.8940540e-01 
 2.1482050e-01 
 2.4355960e-01 
 3.1965180e-01 
 3.7872400e-01 
 3.1144110e+00 
 4.8959240e+00 
 2.9736320e+00 
 2.2299730e+00 
 2.0082730e+00 
 2.0761010e+00 
 8.2229930e-01 
 1.1558740e+00 
 3.9751000e-01 
 8.4927510e-01 
 6.9589840e-01 
 8.1757350e-01 
 6.0739580e-01 
 1.0830220e-01 
 2.0683170e-01 
 3.6000630e-01 
 3.7227660e-01 
 1.1474610e-01 
 2.8548300e-01 
 2.2988590e-01 
 2.5395610e-01 
 2.9798540e-01 
 3.7494050e-01 
 4.3390450e-01 
 4.0151860e-01 
 1.2328880e+00 
 2.5852200e+00 
 3.4272540e+00 
 2.5417120e+00 
 2.1495000e+00 
 1.1795540e+00 
 7.7393970e-01 
 6.6293090e-01 
 5.6124020e-01 
 3.2266760e-01 
 6.7017350e-01 
 7.1814810e-01 
 9.5041940e-01 
 2.7829200e-01 
 3.3458710e-01 
 4.7974030e-01 
 2.5035610e-01 
 1.9486930e-01 
 5.3188930e-01 
 4.8899940e-01 
 1.7008440e-01 
 5.1032490e-01 
 4.3667090e-01 
 3.6604010e-01 
 5.0950070e-01 
 8.0181880e-01 
 1.5410350e+00 
 1.9596000e+00 
 2.5732150e+00 
 2.2711690e+00 
 1.2958250e+00 
 7.2770710e-01 
 4.7463340e-01 
 3.9929760e-01 
 1.5484850e-01 
 2.9005050e-01 
 5.9213010e-01 
 9.5695530e-01 
 5.5225180e-01 
 6.0319070e-01 
 5.2117460e-01 
 5.1900960e-01 
 2.7228790e-01 
 5.7238040e-01 
 8.1933460e-01 
 3.3323750e-01 
 4.4546980e-01 
 5.3499650e-01 
 5.5552810e-01 
 6.4803410e-01 
 9.6212810e-01 
 1.4287150e+00 
 1.4835620e+00 
 1.4335870e+00 
 1.3443880e+00 
 8.0219510e-01 
 1.1018090e+00 
 5.3932610e-01 
 2.7088830e-01 
 9.1540050e-02 
 1.4931510e-01 
 5.6790500e-01 
 1.4301950e+00 
 5.7197460e-01 
 7.3913550e-01 
 8.6097730e-01 
 4.5223630e-01 
 5.4214710e-01 
 6.0225540e-01 
 1.0389780e+00 
 4.6172540e-01 
 4.9153300e-01 
 4.7671130e-01 
 5.3950420e-01 
 5.9952530e-01 
 6.8620560e-01 
 1.1360950e+00 
 2.5144180e+00 
 1.2137160e+00 
 1.3534210e+00 
 5.7906310e-01 
 3.8828300e-01 
 4.0097930e-01 
 2.9835840e-01 
 2.3716370e-01 
 8.3265090e-02 
 6.9506460e-01 
 7.2259310e-01 
 8.4562560e-01 
 8.5826850e-01 
 1.2408370e+00 
 6.0494970e-01 
 4.5073050e-01 
 4.7218080e-01 
 6.9612210e-01 
 4.7848650e-01 
 4.6072840e-01 
 6.5317690e-01 
 5.1589620e-01 
 1.1676070e+00 
 1.1614920e+00 
 1.5859340e+00 
 1.1377080e+00 
 1.1328660e+00 
 1.2140310e+00 
 7.3093490e-01 
 5.3130050e-01 
 3.4989870e-01 
 4.8548850e-01 
 5.7407470e-01 
 3.9900270e-01 
 9.8801990e-01 
 9.6003980e-01 
 1.4657110e+00 
 1.3069320e+00 
 1.1300650e+00 
 6.7370490e-01 
 5.1202930e-01 
 1.5658310e+00 
 1.0391330e+00 
 5.9349600e-01 
 7.1510860e-01 
 1.1642140e+00 
 7.3440110e-01 
 8.4379690e-01 
 8.5429890e-01 
 1.1443940e+00 
 1.2396070e+00 
 8.6555780e-01 
 9.0789250e-01 
 5.8417530e-01 
 4.7046240e-01 
 6.2866380e+00 
 3.9779410e+00 
 2.1786590e+00 
 3.0324630e+00 
 3.1165920e+00 
 3.1337130e+00 
 8.2954590e+00 
 1.0816530e+00 
 9.0207240e-01 
 6.9001540e-01 
 5.3000260e-01 
 9.3693420e-01 
 4.8122310e-01 
 6.5081020e-01 
 6.7484840e-01 
 7.2419360e-01 
 9.0617940e-01 
 6.4989080e-01 
 1.9617760e+00 
 4.6237300e+00 
 1.6513410e+00 
 1.1499060e+00 
 9.8885650e-01 
 8.6872900e-01 
 8.5833670e+00 
 5.9864360e+00 
 3.5294280e+00 
 6.0593490e+00 
 1.8552770e+00 
 3.7551570e+00 
 3.4407880e+00 
 5.0577980e+00 
 9.9310770e+00 
 6.5984410e-01 
 5.8766100e-01 
 7.0802080e-01 
 6.4983070e-01 
 7.2106430e-01 
 4.9972020e-01 
 5.0401360e-01 
 7.4772940e-01 
 6.3913430e-01 
 8.0604900e-01 
 9.6787250e-01 
 1.6489840e+00 
 1.7251020e+00 
 1.6942940e+00 
 9.5410540e-01 
 2.7588330e+00 
 2.7966880e+00 
 2.8860140e+00 
 4.0865630e+00 
 1.4598470e+00 
 2.0646150e+00 
 3.0458300e+00 
 3.5356660e+00 
 4.0479530e+00 
 5.0441670e+00 
 3.0451490e+00 
 1.1429210e+00 
 6.7530590e-01 
 6.1882770e-01 
 3.8487460e-01 
 6.0297730e-01 
 5.3221550e-01 
 5.0441970e-01 
 6.0096610e-01 
 5.8990060e-01 
 8.1489820e-01 
 1.6283510e+00 
 2.0675520e+00 
 1.6243600e+00 
 1.1551990e+00 
 1.8110710e+00 
 2.1020030e+00 
 1.4330180e+00 
 8.6351290e-01 
 8.1426700e-01 
 1.7524440e+00 
 2.0116070e+00 
 2.8461770e+00 
 4.0103040e+00 
 4.0538060e+00 
 2.8629250e+00 
 3.8445290e+00 
 1.1236970e+00 
 6.2868420e-01 
 5.8246030e-01 
 5.3686720e-01 
 5.2066820e-01 
 6.1869560e-01 
 7.7023630e-01 
 1.1220110e+00 
 9.9247290e-01 
 1.3673690e+00 
 2.0995770e+00 
 1.1816090e+00 
 7.4446710e+00 
 2.2738290e+00 
 1.0334010e+00 
 7.0293410e-01 
 1.2682650e-01 
 7.4102920e-01 
 1.4649050e+00 
 1.7703860e+00 
 3.3131100e+00 
 2.1863380e+00 
 3.3308230e+00 
 2.3653020e+00 
 1.6299890e+00 
 1.1805550e+00 
 4.4550630e-01 
 6.6234800e-01 
 1.0798960e+00 
 6.0785080e-01 
 1.1467050e+00 
 1.2445050e+00 
 9.1185850e-01 
 1.0794700e+00 
 1.7756270e+00 
 1.3909450e+00 
 2.5202580e+00 
 7.2154600e+00 
 4.6623890e+00 
 9.2472920e-01 
 2.8711510e-01 
 4.5583180e-02 
 1.0724720e+00 
 1.3651980e+00 
 1.6642500e+00 
 2.4307330e+00 
 1.6669860e+00 
 2.1446440e+00 
 1.8482620e+00 
 1.3056650e+00 
 2.1254960e+00 
 1.4037990e+00 
 9.5510590e-01 
 7.6111340e-01 
 6.9641680e-01 
 1.0506010e+00 
 1.9400250e+00 
 7.0127300e-01 
 1.1032280e+00 
 6.2716590e+00 
 1.8068020e+01 
 7.5483960e+00 
 8.6028870e+00 
 2.8731160e+00 
 9.3367480e-01 
 2.1171340e-01 
 1.6386190e-01 
 1.3634640e+00 
 1.4352790e+00 
 2.6843020e+00 
 3.0728560e+00 
 1.4421990e+00 
 2.7945190e+00 
 1.2483670e+00 
 1.6093060e+00 
 1.7043470e+00 
 1.6552510e+00 
 1.1482520e+00 
 1.3318380e+00 
 9.7523160e-01 
 1.3142860e+00 
 1.4426660e+00 
 1.0734430e+00 
 1.1284070e+00 
 5.5860200e+00 
 0.0000000e+00 
 7.4930880e+00 
 7.9936690e+00 
 1.8594010e+00 
 6.4150510e-01 
 2.3648880e-01 
 2.5801460e-01 
 1.1097600e+00 
 2.1552340e+00 
 3.0047140e+00 
 3.0881570e+00 
 2.4009420e+00 
 1.2932100e+00 
 1.9228450e+00 
 1.4828000e+00 
 2.0817710e+00 
 2.9565010e+00 
 1.3523690e+00 
 1.3531630e+00 
 1.0117680e+00 
 1.1932160e+00 
 1.6413860e+00 
 6.3687090e-01 
 7.5821350e-01 
 3.9607480e+00 
 8.7199870e+00 
 8.5668230e+00 
 4.2777330e+00 
 2.4199810e+00 
 6.6208680e-01 
 2.8352420e-01 
 8.0266910e-01 
 1.2217750e+00 
 2.3219300e+00 
 3.8342840e+00 
 2.4678800e+00 
 8.2743540e-01 
 8.2841450e-01 
 1.5631090e+00 
 1.0356350e+00 
 1.4272240e+00 
 2.1978270e+00 
 1.5529630e+00 
 1.2899540e+00 
 7.5562140e-01 
 1.0002510e+00 
 8.1413580e-01 
 5.6927810e-01 
 6.6309060e-01 
 2.5367760e+00 
 5.9020400e+00 
 3.7682300e+00 
 2.4680640e+00 
 1.6843310e+00 
 1.2951100e+00 
 2.0404010e-01 
 8.3083470e-01 
 1.3882410e+00 
 3.7368700e+00 
 4.1408280e+00 
 3.7660520e+00 
 7.6500900e-01 
 8.2075850e-01 
 1.3943080e+00 
 1.5342880e+00 
 9.1499300e-01 
 1.2957680e+00 
 1.4000610e+00 
 1.1056460e+00 
 9.9525570e-01 
 1.1439570e+00 
 6.2531290e-01 
 6.0747700e-01 
 5.3715470e-01 
 1.9240060e+00 
 2.0343280e+00 
 2.4829950e+00 
 1.1458720e+00 
 1.4459810e+00 
 2.9550590e+00 
 2.1267450e-01 
 1.0563170e+00 
 9.6311720e-01 
 3.4871860e+00 
 3.6025850e+00 
 3.5353930e+00 
 7.0284750e-01 
 1.7337070e+00 
 1.0334140e+00 
 1.3665480e+00 
 1.5759330e+00 
 1.5132690e+00 
 1.3384200e+00 
 9.8575770e-01 
 9.3290400e-01 
 7.8068300e-01 
 9.8833370e-01 
 4.6230100e-01 
 7.0664240e-01 
 1.9881660e+00 
 1.4020470e+00 
 1.4345710e+00 
 1.6947350e+00 
 3.0319970e+00 
 4.4398330e+00 
 1.5906300e-01 
 6.5266250e-01 
 1.5183180e+00 
 3.3108300e+00 
 4.1354740e+00 
 3.7366080e+00 
 6.9025470e-01 
 1.0867380e+00 
 1.3813720e+00 
 1.4292460e+00 
 1.2755140e+00 
 1.6111690e+00 
 1.4114310e+00 
 7.9255140e-01 
 9.4409430e-01 
 5.0128750e-01 
 4.2620530e-01 
 3.0724950e-01 
 9.7968760e-01 
 9.3345520e-01 
 8.9737470e-01 
 1.0475110e+00 
 2.3167720e+00 
 1.3167910e+01 
 5.7929320e+00 
 2.0940800e-01 
 5.7494020e-01 
 9.4519260e-01 
 2.7423000e+00 
 2.6097970e+00 
 4.8813640e+00 
 7.2571180e-01 
 1.4950170e+00 
 2.5200080e+00 
 1.3519930e+00 
 1.1785690e+00 
 1.2241610e+00 
 1.4793750e+00 
 9.1139320e-01 
 9.0068760e-01 
 4.9079940e-01 
 4.5851270e-01 
 3.1239860e-01 
 2.8519170e+00 
 0.0000000e+00 
 3.7927490e+00 
 5.3154800e+00 
 2.7662220e+01 
 4.5353700e+01 
 1.5301710e+00 
 1.3604920e-01 
 4.3515900e-01 
 5.9241530e-01 
 2.9782090e+00 
 7.1492170e+00 
 3.4400770e+00 
 1.1374780e+00 
 1.7462800e+00 
 1.2728000e+00 
 1.1457150e+00 
 1.3749890e+00 
 9.5574870e-01 
 8.8131720e-01 
 8.3846130e-01 
 6.8891900e-01 
 2.0769110e-01 
 2.7601840e-01 
 8.2962010e-01 
 3.0822570e+00 
 1.0667290e+01 
 4.7242200e+00 
 1.2975990e+01 
 2.5715730e+01 
 2.4650240e+00 
 6.1207600e-01 
 5.1749450e-02 
 2.9751630e-01 
 7.2174960e-01 
 2.0520810e+00 
 6.2563640e+00 
 4.7668240e+00 
 2.1904990e+00 
 1.2143970e+00 
 1.6403820e+00 
 1.5639350e+00 
 1.4015250e+00 
 7.8392790e-01 
 7.5712490e-01 
 6.6611350e-01 
 2.7658910e-01 
 2.4783190e-01 
 7.4353790e-01 
 1.3475180e+00 
 5.1516290e+00 
 7.5883280e+00 
 7.3097450e+01 
 1.2910460e+01 
 4.0311130e+01 
 1.5257220e+00 
 6.4725560e-01 
 9.8643290e-02 
 4.5278930e-01 
 6.0642520e-01 
 1.6191280e+00 
 3.5391430e+00 
 3.4667600e+00 
 9.8121940e-01 
 2.0846410e+00 
 1.7490270e+00 
 1.8596550e+00 
 1.3952080e+00 
 1.1155920e+00 
 4.1029750e-01 
 4.5664730e-01 
 3.1901270e-01 
 7.0795130e-01 
 1.2972700e+00 
 2.3470920e+00 
 1.0903240e+01 
 4.9116900e+01 
 3.9943590e+01 
 0.0000000e+00 
 4.2095950e+00 
 1.3549860e+00 
 7.2136010e-01 
 1.0141220e-01 
 3.4570360e-01 
 5.3198230e-01 
 1.0469210e+00 
 1.8005620e+00 
 1.9882930e+00 
 1.6346920e+00 
 1.7035610e+00 
 2.6897680e+00 
 2.5211630e+00 
 8.3205560e+00 
 0.0000000e+00 
 3.3075850e-01 
 4.1978380e-01 
 6.8568900e-01 
 9.2162120e-01 
 1.7945130e+00 
 2.6516690e+00 
 1.1717790e+01 
 1.6333090e+01 
 6.2980090e+01 
 9.4120660e+01 
 4.4922150e+00 
 1.2492990e+00 
 5.0955110e-01 
 1.5445700e-01 
 3.8211270e-01 
 4.1100530e-01 
 6.9904420e-01 
 1.7204890e+00 
 1.0793560e+00 
 2.7930040e+00 
 3.2180090e+00 
 2.6469950e+00 
 2.0034840e+00 
 2.6545300e+00 
 7.4306400e-01 
 3.5920590e-01 
 7.2898620e-01 
 9.2615480e-01 
 1.2583300e+00 
 2.0584970e+00 
 3.3732920e+00 
 1.3014610e+01 
 1.2545400e+01 
 1.3378640e+01 
 1.2948660e+01 
 4.4816550e+00 
 1.2301810e+00 
 8.7281520e-01 
 3.1244110e-01 
 2.4456620e-01 
 5.1442940e-01 
 5.1849040e-01 
 1.0227480e+00 
 1.6697220e+00 
 3.9041110e+00 
 5.2896700e+00 
 3.3682630e+00 
 5.6615830e+00 
 1.6218140e+00 
 4.2667090e+00 
 1.2607870e+00 
 1.1760300e+00 
 1.4102910e+00 
 2.4941800e+00 
 2.2060990e+00 
 3.0237070e+00 
 5.1943230e+00 
 8.0087280e+00 
 7.1978230e+00 
 8.1883800e+00 
 1.8287600e+00 
 1.1021510e+00 
 6.2764580e-01 
 2.3379570e-01 
 2.5562440e-01 
 4.8546560e-01 
 7.8994270e-01 
 1.3778270e+00 
 1.1726330e+00 
 7.7832730e+00 
 9.3950350e+00 
 4.4029650e+00 
 2.1804670e+00 
 8.9240880e-01 
 8.4692200e-02 
 1.8881130e+00 
 1.7102120e+00 
 1.9297160e+00 
 2.1674540e+00 
 1.7187400e+00 
 2.1983290e+00 
 3.9647970e+00 
 5.6425250e+00 
 3.0580520e+00 
 5.9168810e+00 
 4.0238240e+00 
 1.4981300e+00 
 7.9516280e-01 
 2.9268320e-01 
 2.1391910e-01 
 5.1302870e-01 
 8.4633950e-01 
 1.3527290e+00 
 1.4765500e+00 
 1.1829120e+01 
 7.6188100e+00 
 2.6517880e+00 
 1.0627770e+00 
 5.8440880e-01 
 1.0141530e+00 
 6.3042710e-01 
 1.1063230e+00 
 1.9635490e+00 
 3.5373730e+00 
 1.7636020e+00 
 2.1893770e+00 
 5.5545680e+00 
 4.8070810e+00 
 4.5451840e+00 
 2.7967680e+00 
 2.2049250e+00 
 2.0709050e+00 
 9.4745730e-01 
 5.9124500e-01 
 4.1801260e-01 
 3.6068980e-01 
 6.8363690e-01 
 1.2044490e+00 
 1.5462150e+00 
 1.1781980e+01 
 7.3567600e+00 
 2.0785390e+00 
 1.0323720e+00 
 4.4388350e-01 
 2.2864320e-01 
 6.7474560e-01 
 1.6080610e+00 
 1.9220460e+00 
 2.9727120e+00 
 2.1178570e+00 
 1.5556990e+00 
 4.4385540e+00 
 4.4667660e+00 
 4.9843050e+00 
 5.5704750e+00 
 2.3938720e+00 
 2.3480460e+00 
 1.6691490e+00 
 7.4388470e-01 
 6.9831280e-01 
 5.1406090e-01 
 2.0949840e+00 
 1.8920080e+00 
 1.2126920e+00 
 4.6975450e+00 
 6.5267380e+00 
 3.8996310e+00 
 1.0726170e+00 
 2.2738290e-01 
 3.8276860e-01 
 1.0716100e+00 
 1.9011960e+00 
 3.3477180e+00 
 2.2077520e+00 
 2.5776050e+00 
 3.6420760e+00 
 2.6832950e+00 
 5.2352750e+00 
 2.7803010e+00 
 6.3229670e+00 
 2.9591840e+00 
 2.9282400e+00 
 1.5406490e+00 
 1.1400440e+00 
 1.9193940e+00 
 0.0000000e+00 
 4.2029880e+00 
 2.0059790e+00 
 1.7056970e+00 
 1.9020110e+00 
 3.1524620e+00 
 2.5636800e+00 
 6.2565660e-01 
 1.6185130e-01 
 3.7684850e-01 
 1.4608090e+00 
 1.6640040e+00 
 2.6157680e+00 
 2.5073150e+00 
 4.3554930e+00 
 5.7299100e+00 
 2.2691140e+00 
 4.6173170e+00 
 4.3635090e+00 
 4.1280780e+00 
 3.0336600e+00 
 2.0446090e+00 
 1.7373620e+00 
 1.2553710e+00 
 3.4956880e+00 
 0.0000000e+00 
 7.0398180e+00 
 1.6676090e+00 
 1.5186610e+00 
 2.0187380e+00 
 2.8933480e+00 
 2.7485240e+00 
 4.7322120e-01 
 6.3884740e-02 
 3.2066760e-01 
 1.6962900e+00 
 2.7541690e+00 
 2.9955930e+00 
 1.8070930e+00 
 4.3499970e+00 
 5.6037620e+00 
 6.4417100e+00 
 2.5860960e+00 
 4.7687830e+00 
 3.5656060e+00 
 3.0009660e+00 
 1.8004280e+00 
 1.9417710e+00 
 1.5881760e+00 
 3.7148650e+00 
 1.3074660e+00 
 7.0063110e-01 
 1.3526930e+00 
 4.5262170e+00 
 1.5806280e+00 
 2.3918210e+00 
 1.5612640e+00 
 4.1231050e-01 
 4.7873500e-02 
 7.3171470e-01 
 1.6772970e+00 
 2.2188170e+00 
 1.1577920e+00 
 2.4161150e+00 
 4.6556750e+00 
 5.1316150e+00 
 3.9878960e+00 
 4.3892000e+00 
 4.4707760e+00 
 3.0637580e+00 
 1.7870440e+00 
 1.5532930e+00 
 1.5796810e+00 
 1.3457200e+00 
 1.4355550e+00 
 9.0002360e-01 
 1.3324090e-01 
 8.3676340e-01 
 2.1084810e+00 
 1.4150460e+00 
 3.0421440e+00 
 2.4400090e+00 
 4.2643220e-01 
 2.2348710e-02 
 4.6339080e-01 
 1.4246030e+00 
 1.4375190e+00 
 1.3440180e+00 
 2.5610380e+00 
 2.7263020e+00 
 2.2445190e+00 
 2.6011460e+00 
 3.3205390e+00 
 4.2504510e+00 
 2.1686780e+00 
 2.8009420e+00 
 1.3076810e+00 
 1.2400750e+00 
 1.4490860e+00 
 1.2883630e+00 
 5.1602820e-01 
 4.8730790e-02 
 8.4395950e-01 
 1.7178360e+00 
 9.4215400e-01 
 2.6347390e+00 
 1.4547800e+00 
 4.8480040e-01 
 8.9334740e-02 
 3.3794710e-01 
 1.0223550e+00 
 1.3018860e+00 
 1.7392740e+00 
 3.5545110e+00 
 2.6656400e+00 
 2.2668000e+00 
 2.5125650e+00 
 3.4248630e+00 
 1.5476560e+00 
 2.8573190e+00 
 1.7969730e+00 
 1.7872120e+00 
 8.7979020e-01 
 1.5669720e+00 
 1.0794940e+00 
 4.8566450e-01 
 1.2366100e-02 
 1.2677270e+00 
 1.4880950e+00 
 8.3007650e-01 
 2.7519950e+00 
 1.0336240e+00 
 6.1183800e-01 
 2.6145820e-02 
 4.3829940e-01 
 1.6257980e+00 
 1.4634420e+00 
 1.4558200e+00 
 1.9753160e+00 
 2.3961580e+00 
 3.9242670e+00 
 3.1735500e+00 
 3.8244370e+00 
 3.5661200e+00 
 3.7795750e+00 
 1.9420810e+00 
 1.6499310e+00 
 1.2576800e+00 
 1.2718190e+00 
 1.9699940e+00 
 6.8527860e-01 
 4.1470320e-02 
 6.8625720e-01 
 8.8529080e-01 
 1.2387910e+00 
 1.9023770e+00 
 1.7127060e+00 
 2.0703870e+00 
 8.9215110e+00 
 0.0000000e+00 
 7.5890890e-01 
 1.1445050e+00 
 2.7033220e+00 
 1.3007350e+00 
 1.1744670e+00 
 2.9567070e+00 
 2.3932130e+00 
 1.7050650e+00 
 1.8917800e+00 
 1.7279210e+00 
 1.7071180e+00 
 1.2909410e+00 
 1.0543040e+00 
 2.4805570e+00 
 1.6119310e+00 
 8.8987530e-01 
 5.9337730e-02 
 1.1536100e+00 
 1.8636840e+00 
 2.6899020e+00 
 2.3434350e+00 
 2.2487320e+00 
 1.0471490e+01 
 0.0000000e+00 
 0.0000000e+00 
 0.0000000e+00 
 4.1509290e-01 
 3.7482130e-01 
 1.2039170e+00 
 2.8092760e+00 
 2.3454840e+00 
 1.8369310e+00 
 2.2908400e+00 
 1.6255970e+00 
 3.0005350e+00 
 1.5309800e+00 
 1.1614750e+00 
 1.1444950e+00 
 1.2499110e+00 
 2.0069430e+00 
 5.4191760e-01 
 2.1671650e-01 
 3.4333740e+00 
 3.4942770e+00 
 2.3799090e+00 
 2.9434000e+00 
 8.0103840e+00 
 9.6595700e+00 
 1.6221920e+01 
 0.0000000e+00 
 5.0279590e+01 
 0.0000000e+00 
 0.0000000e+00 
 0.0000000e+00 
 0.0000000e+00 
 0.0000000e+00 
 0.0000000e+00 
 8.7221420e+00 
 7.5738770e+00 
 5.3569370e+00 
 3.9283210e+00 
 6.4609460e+00 
 0.0000000e+00 
 0.0000000e+00 
 2.4662410e+00 
 1.1576980e+00 
 3.2739840e-01 
 4.7141320e+00 
 9.2525230e+00 
 3.0359750e+00 
 4.7547320e+00 
 3.6241220e+00 
 1.1712270e+01 
 0.0000000e+00 
 0.0000000e+00 
 0.0000000e+00 
 0.0000000e+00 
 0.0000000e+00 
 0.0000000e+00 
 0.0000000e+00 
 0.0000000e+00 
 0.0000000e+00 
 0.0000000e+00 
 0.0000000e+00 
 0.0000000e+00 
 0.0000000e+00 
 0.0000000e+00 
 0.0000000e+00 
 0.0000000e+00 
 0.0000000e+00 
 0.0000000e+00 
 2.8382360e+01 
 1.8939040e+01 
 8.4909190e+00 
 4.2445340e+00 
 4.6309790e+00 
 4.2999590e+00 
 1.6731410e+01 
 0.0000000e+00 
 0.0000000e+00 
 0.0000000e+00 
 0.0000000e+00 
 0.0000000e+00 
 0.0000000e+00 
 0.0000000e+00 
 0.0000000e+00 
 0.0000000e+00 
 0.0000000e+00 
 0.0000000e+00 
 0.0000000e+00 
 0.0000000e+00 
 0.0000000e+00 
 0.0000000e+00 
 0.0000000e+00 
 0.0000000e+00 
 0.0000000e+00 
 2.6543000e+01 
 1.6097360e+01 
 1.0405460e+01 
 2.9653180e+00 
 4.1332860e+00 
 5.0621030e+00 
 0.0000000e+00 
 0.0000000e+00 
 0.0000000e+00 
 0.0000000e+00 
 0.0000000e+00 
 0.0000000e+00 
 0.0000000e+00 
 0.0000000e+00 
 0.0000000e+00 
 0.0000000e+00 
 0.0000000e+00 
 0.0000000e+00 
 0.0000000e+00 
 0.0000000e+00 
 0.0000000e+00 
 0.0000000e+00 
 0.0000000e+00 
 0.0000000e+00 
 0.0000000e+00 
 6.0553330e+01 
 1.6748160e+01 
 7.4386650e+00 
 2.6139620e+00 
 5.1525880e+00 
 5.5523100e+00 
 7.4440530e+01 
 3.5057260e+01 
 0.0000000e+00 
 0.0000000e+00 
 0.0000000e+00 
 0.0000000e+00 
 0.0000000e+00 
 0.0000000e+00 
 0.0000000e+00 
 0.0000000e+00 
 0.0000000e+00 
 0.0000000e+00 
 0.0000000e+00 
 0.0000000e+00 
 0.0000000e+00 
 0.0000000e+00 
 0.0000000e+00 
 0.0000000e+00 
 0.0000000e+00 
 7.4800100e+00 
 3.0553130e+00 
 6.1195820e+00 
 2.8612550e+00 
 2.9954840e+00 
 3.8127930e+00 
 0.0000000e+00 
 0.0000000e+00 
 0.0000000e+00 
 0.0000000e+00 
 0.0000000e+00 
 0.0000000e+00 
 0.0000000e+00 
 0.0000000e+00 
 0.0000000e+00 
 0.0000000e+00 
 0.0000000e+00 
 0.0000000e+00 
 0.0000000e+00 
 0.0000000e+00 
 0.0000000e+00 
 0.0000000e+00 
 0.0000000e+00 
 0.0000000e+00 
 0.0000000e+00 
 1.1632940e+02 
 1.6684750e+01 
 1.3174020e+01 
 2.1100740e+00 
 3.1205200e+00 
 2.7898320e+00 
 1.2430070e+02 
 0.0000000e+00 
 0.0000000e+00 
 0.0000000e+00 
 0.0000000e+00 
 0.0000000e+00 
 0.0000000e+00 
 0.0000000e+00 
 0.0000000e+00 
 0.0000000e+00 
 0.0000000e+00 
 0.0000000e+00 
 0.0000000e+00 
 0.0000000e+00 
 0.0000000e+00 
 0.0000000e+00 
 0.0000000e+00 
 0.0000000e+00 
 0.0000000e+00 
 4.0068880e+01 
 1.1805090e+01 
 7.2780420e+00 
 1.8717730e+00 
 2.2064830e+00 
 3.3222440e+00 
 0.0000000e+00 
 0.0000000e+00 
 0.0000000e+00 
 3.4086850e+01 
 0.0000000e+00 
 0.0000000e+00 
 0.0000000e+00 
 0.0000000e+00 
 0.0000000e+00 
 0.0000000e+00 
 0.0000000e+00 
 0.0000000e+00 
 0.0000000e+00 
 0.0000000e+00 
 0.0000000e+00 
 0.0000000e+00 
 0.0000000e+00 
 0.0000000e+00 
 0.0000000e+00 
 2.5473560e+01 
 9.4240860e+00 
 6.1749130e+00 
 1.8716710e+00 
 3.3465640e+00 
 3.4278020e+00 
 3.9889680e+01 
 0.0000000e+00 
 0.0000000e+00 
 0.0000000e+00 
 0.0000000e+00 
 0.0000000e+00 
 0.0000000e+00 
 0.0000000e+00 
 0.0000000e+00 
 0.0000000e+00 
 0.0000000e+00 
 0.0000000e+00 
 0.0000000e+00 
 0.0000000e+00 
 0.0000000e+00 
 0.0000000e+00 
 0.0000000e+00 
 0.0000000e+00 
 0.0000000e+00 
 2.1398530e+01 
 1.0383650e+01 
 4.9250010e+00 
 1.5319230e+00 
 1.3730460e+00 
 0.0000000e+00 
 0.0000000e+00 
 8.1006810e+01 
 0.0000000e+00 
 0.0000000e+00 
 0.0000000e+00 
 0.0000000e+00 
 0.0000000e+00 
 0.0000000e+00 
 0.0000000e+00 
 0.0000000e+00 
 0.0000000e+00 
 0.0000000e+00 
 0.0000000e+00 
 0.0000000e+00 
 0.0000000e+00 
 0.0000000e+00 
 0.0000000e+00 
 0.0000000e+00 
 0.0000000e+00 
 4.1274730e+00 
 9.2228300e+00 
 5.8066280e+00 
 7.6787990e-01 
 1.9876470e+00 
 4.0197820e+01 
 0.0000000e+00 
 4.5858580e+01 
 0.0000000e+00 
 0.0000000e+00 
 0.0000000e+00 
 0.0000000e+00 
 0.0000000e+00 
 0.0000000e+00 
 0.0000000e+00 
 0.0000000e+00 
 0.0000000e+00 
 0.0000000e+00 
 0.0000000e+00 
 0.0000000e+00 
 0.0000000e+00 
 0.0000000e+00 
 0.0000000e+00 
 0.0000000e+00 
 0.0000000e+00 
 4.2924910e+00 
 8.2718690e+00 
 6.7208130e+00 
 6.1143680e-01 
 1.3070530e+00 
 0.0000000e+00 
 5.9710540e+01 
 0.0000000e+00 
 0.0000000e+00 
 0.0000000e+00 
 0.0000000e+00 
 0.0000000e+00 
 0.0000000e+00 
 0.0000000e+00 
 0.0000000e+00 
 0.0000000e+00 
 0.0000000e+00 
 0.0000000e+00 
 0.0000000e+00 
 0.0000000e+00 
 3.9264120e+02 
 0.0000000e+00 
 0.0000000e+00 
 0.0000000e+00 
 0.0000000e+00 
 7.2327480e+01 
 8.1180210e+00 
 5.9165790e+00 
 4.9721570e-01 
 1.8142760e+00 
 4.9340700e+01 
 0.0000000e+00 
 0.0000000e+00 
 3.9591560e+01 
 0.0000000e+00 
 7.3520080e+01 
 3.2009740e+01 
 0.0000000e+00 
 0.0000000e+00 
 0.0000000e+00 
 0.0000000e+00 
 0.0000000e+00 
 0.0000000e+00 
 0.0000000e+00 
 0.0000000e+00 
 0.0000000e+00 
 0.0000000e+00 
 0.0000000e+00 
 0.0000000e+00 
 0.0000000e+00 
 5.0137590e+00 
 5.1470780e+00 
 5.3678460e+00 
 8.4222520e-01 
 3.3221760e+00 
 6.1169980e+01 
 0.0000000e+00 
 0.0000000e+00 
 0.0000000e+00 
 0.0000000e+00 
 3.6784880e+01 
 3.6505980e+01 
 0.0000000e+00 
 0.0000000e+00 
 0.0000000e+00 
 0.0000000e+00 
 0.0000000e+00 
 0.0000000e+00 
 0.0000000e+00 
 0.0000000e+00 
 0.0000000e+00 
 0.0000000e+00 
 0.0000000e+00 
 0.0000000e+00 
 0.0000000e+00 
 4.7849140e+00 
 5.2546130e+00 
 4.8443350e+00 
 5.8701110e+00 
 2.2987330e+01 
 6.9675860e+01 
 6.3821930e+01 
 0.0000000e+00 
 2.9968440e+01 
 0.0000000e+00 
 0.0000000e+00 
 0.0000000e+00 
 0.0000000e+00 
 0.0000000e+00 
 0.0000000e+00 
 0.0000000e+00 
 0.0000000e+00 
 0.0000000e+00 
 0.0000000e+00 
 0.0000000e+00 
 3.1709890e+01 
 0.0000000e+00 
 0.0000000e+00 
 0.0000000e+00 
 0.0000000e+00 
 1.5061100e+01 
 5.3076510e+00 
 2.6656770e+00 
 1.7163820e+02 
 2.8182350e+01 
 4.5030860e+01 
 0.0000000e+00 
 4.4099110e+01 
 0.0000000e+00 
 1.0900970e+03 
 0.0000000e+00 
 0.0000000e+00 
 2.3136820e+01 
 0.0000000e+00 
 0.0000000e+00 
 0.0000000e+00 
 1.7596810e+01 
 0.0000000e+00 
 0.0000000e+00 
 0.0000000e+00 
 0.0000000e+00 
 0.0000000e+00 
 0.0000000e+00 
 0.0000000e+00 
 0.0000000e+00 
 1.1601000e+01 
 4.2542370e+00 
 4.7686590e+00 
 0.0000000e+00 
 1.9748500e+01 
 5.3569800e+01 
 3.2780910e+01 
 0.0000000e+00 
 0.0000000e+00 
 0.0000000e+00 
 4.4862670e+01 
 0.0000000e+00 
 0.0000000e+00 
 0.0000000e+00 
 6.4185220e+01 
 0.0000000e+00 
 0.0000000e+00 
 1.8645740e+02 
 0.0000000e+00 
 0.0000000e+00 
 0.0000000e+00 
 0.0000000e+00 
 0.0000000e+00 
 0.0000000e+00 
 4.8614800e+00 
 4.5484480e+00 
 3.7783080e+00 
 2.9417860e+00 
 0.0000000e+00 
 2.9212210e+01 
 1.7579890e+01 
 2.5049240e+01 
 3.1919180e+01 
 3.4047160e+01 
 7.0643210e+01 
 0.0000000e+00 
 0.0000000e+00 
 0.0000000e+00 
 0.0000000e+00 
 0.0000000e+00 
 0.0000000e+00 
 2.1239200e+01 
 0.0000000e+00 
 1.5744460e+01 
 0.0000000e+00 
 0.0000000e+00 
 1.6147000e+01 
 0.0000000e+00 
 0.0000000e+00 
 0.0000000e+00 
 3.4447280e+00 
 3.6766400e+00 
 2.2177680e+00 
 0.0000000e+00 
 0.0000000e+00 
 4.4791180e+01 
 1.5767420e+01 
 3.8082460e+01 
 3.3838320e+01 
 2.8659680e+01 
 0.0000000e+00 
 0.0000000e+00 
 0.0000000e+00 
 3.3183680e+01 
 0.0000000e+00 
 0.0000000e+00 
 2.5128120e+01 
 4.4675690e+01 
 0.0000000e+00 
 0.0000000e+00 
 0.0000000e+00 
 7.0585550e+01 
 2.4463850e+01 
 0.0000000e+00 
 1.6264630e+01 
 3.5446370e+00 
 2.9210340e+00 
 3.0629740e+00 
 0.0000000e+00 
 0.0000000e+00 
 0.0000000e+00 
 2.8545860e+01 
 1.9156900e+01 
 2.8036610e+01 
 0.0000000e+00 
 0.0000000e+00 
 4.6009970e+01 
 0.0000000e+00 
 0.0000000e+00 
 0.0000000e+00 
 4.1748440e+01 
 2.6509120e+01 
 5.3304210e+01 
 0.0000000e+00 
 0.0000000e+00 
 0.0000000e+00 
 0.0000000e+00 
 0.0000000e+00 
 0.0000000e+00 
 6.5020920e+00 
 3.0489840e+00 
 2.4660140e+00 
 2.4280320e+00 
 0.0000000e+00 
 0.0000000e+00 
 0.0000000e+00 
 0.0000000e+00 
 3.8717200e+01 
 1.7249160e+01 
 3.5326720e+01 
 2.0082640e+01 
 0.0000000e+00 
 0.0000000e+00 
 3.7727260e+01 
 0.0000000e+00 
 0.0000000e+00 
 0.0000000e+00 
 0.0000000e+00 
 0.0000000e+00 
 1.1533580e+01 
 2.8148600e+01 
 2.7161040e+01 
 0.0000000e+00 
 0.0000000e+00 
 4.5478650e+00 
 3.3914830e+00 
 3.7618910e+00 
 2.8050050e+00 
 0.0000000e+00 
 0.0000000e+00 
 0.0000000e+00 
 0.0000000e+00 
 0.0000000e+00 
 2.2868870e+01 
 1.8954050e+01 
 1.5036430e+01 
 4.3673190e+01 
 2.1780430e+01 
 0.0000000e+00 
 5.3224380e+01 
 0.0000000e+00 
 0.0000000e+00 
 3.0634760e+01 
 0.0000000e+00 
 0.0000000e+00 
 0.0000000e+00 
 0.0000000e+00 
 0.0000000e+00 
 0.0000000e+00 
 3.5097640e+00 
 5.7183920e+00 
 5.2891170e+00 
 5.7127780e+00 
 0.0000000e+00 
 0.0000000e+00 
 0.0000000e+00 
 0.0000000e+00 
 0.0000000e+00 
 0.0000000e+00 
 2.3352790e+01 
 1.3613320e+01 
 2.1056400e+01 
 9.8754610e+01 
 0.0000000e+00 
 0.0000000e+00 
 0.0000000e+00 
 2.0708770e+01 
 1.7231260e+01 
 0.0000000e+00 
 1.0177730e+01 
 0.0000000e+00 
 1.2379730e+01 
 0.0000000e+00 
 4.5051780e+00 
 5.3750000e+00 
 3.6169910e+00 
 1.1701640e+01 
 0.0000000e+00 
 0.0000000e+00 
 0.0000000e+00 
 0.0000000e+00 
 0.0000000e+00 
 0.0000000e+00 
 0.0000000e+00 
 0.0000000e+00 
 2.4497150e+01 
 1.3904550e+01 
 3.4344700e+01 
 1.1956040e+01 
 0.0000000e+00 
 4.0393500e+01 
 1.3468530e+01 
 0.0000000e+00 
 0.0000000e+00 
 0.0000000e+00 
 0.0000000e+00 
 0.0000000e+00 
 1.5625730e+01 
 7.2503610e+00 
 3.6629040e+00 
 7.2873670e+00 
 6.4174470e+00 
 0.0000000e+00 
 0.0000000e+00 
 0.0000000e+00 
 0.0000000e+00 
 0.0000000e+00 
 0.0000000e+00 
 0.0000000e+00 
 0.0000000e+00 
 0.0000000e+00 
 2.1165740e+01 
 6.5345920e+00 
 2.2479780e+01 
 3.9183860e+01 
 9.8617820e+00 
 9.7441870e+00 
 7.6376160e+00 
 3.9344030e+00 
 0.0000000e+00 
 0.0000000e+00 
 5.6158880e+00 
 0.0000000e+00 
 9.6315570e+00 
 4.4546120e+00 
 6.1663680e+00 
 0.0000000e+00 
 0.0000000e+00 
 0.0000000e+00 
 0.0000000e+00 
 0.0000000e+00 
 0.0000000e+00 
 0.0000000e+00 
 0.0000000e+00 
 0.0000000e+00 
 0.0000000e+00 
 0.0000000e+00 
 0.0000000e+00 
 1.3908320e+01 
 6.7831320e+00 
 8.6090520e+00 
 5.7628770e+00 
 5.5431030e+00 
 3.7033210e+00 
 1.2073640e+00 
 4.4600690e+00 
 2.9495200e+00 
 0.0000000e+00 
 4.2289600e+00 
 1.2258160e+01 
 1.9888580e+01 
 0.0000000e+00 
 0.0000000e+00 
 0.0000000e+00 
 0.0000000e+00 
 0.0000000e+00 
 0.0000000e+00 
 0.0000000e+00 
 0.0000000e+00 
 0.0000000e+00 
 0.0000000e+00 
 0.0000000e+00 
 0.0000000e+00 
 0.0000000e+00 
 0.0000000e+00 
 0.0000000e+00 
 0.0000000e+00 
 2.6999920e+01 
 3.3479080e+00 
 1.1823540e+00 
 9.7313390e-01 
 2.9759480e+00 
 2.3857040e+00 
 3.2262270e+00 
 8.1221540e+00 
 0.0000000e+00 
 0.0000000e+00 
 0.0000000e+00 
 0.0000000e+00 
 0.0000000e+00 
 0.0000000e+00 
 0.0000000e+00 
 0.0000000e+00 
 0.0000000e+00 
 0.0000000e+00 
 0.0000000e+00 
 0.0000000e+00 
 0.0000000e+00 
 0.0000000e+00 
 0.0000000e+00 
 0.0000000e+00 
 0.0000000e+00 
 0.0000000e+00 
 0.0000000e+00 
 0.0000000e+00 
 0.0000000e+00 
 8.2336830e+00 
 2.3738780e+01 
 0.0000000e+00 
 0.0000000e+00 
 0.0000000e+00 
 0.0000000e+00 
 0.0000000e+00 
 0.0000000e+00 
 0.0000000e+00 
 0.0000000e+00 
 0.0000000e+00 
 0.0000000e+00 
 0.0000000e+00 
 0.0000000e+00 
 0.0000000e+00 
 0.0000000e+00 
 0.0000000e+00 
 0.0000000e+00 
 0.0000000e+00 
 0.0000000e+00 
 0.0000000e+00 
 0.0000000e+00 
 0.0000000e+00 
 0.0000000e+00 
 0.0000000e+00 
 0.0000000e+00 
 0.0000000e+00 
 0.0000000e+00 
 0.0000000e+00 
 0.0000000e+00 
 0.0000000e+00 
 0.0000000e+00 
 0.0000000e+00 
 0.0000000e+00 
 0.0000000e+00 
 0.0000000e+00 
 0.0000000e+00 
 0.0000000e+00 
 0.0000000e+00 
 0.0000000e+00 
 0.0000000e+00 
 0.0000000e+00 
 0.0000000e+00 
 0.0000000e+00 
 0.0000000e+00 
 0.0000000e+00 
 0.0000000e+00 
 0.0000000e+00 
 0.0000000e+00 
 0.0000000e+00 
 0.0000000e+00 
 0.0000000e+00 
 0.0000000e+00 
 0.0000000e+00 
 0.0000000e+00 
 0.0000000e+00 
 0.0000000e+00 
 0.0000000e+00 
 0.0000000e+00 
 0.0000000e+00 
 0.0000000e+00 
 0.0000000e+00 
 0.0000000e+00 
 0.0000000e+00 
 0.0000000e+00 
 0.0000000e+00 
 0.0000000e+00 
 0.0000000e+00 
 0.0000000e+00 
 0.0000000e+00 
 0.0000000e+00 
 0.0000000e+00 
 0.0000000e+00 
 0.0000000e+00 
 0.0000000e+00 
 0.0000000e+00 
 0.0000000e+00 
 0.0000000e+00 
 0.0000000e+00 
 0.0000000e+00 
 0.0000000e+00 
 0.0000000e+00 
 0.0000000e+00 
 0.0000000e+00 
 0.0000000e+00 
 0.0000000e+00 
 0.0000000e+00 
 0.0000000e+00 
 0.0000000e+00 
 0.0000000e+00 
 0.0000000e+00 
 0.0000000e+00 
 0.0000000e+00 
 0.0000000e+00 
 0.0000000e+00 
 0.0000000e+00 
 0.0000000e+00 
 0.0000000e+00 
 0.0000000e+00 
 0.0000000e+00 
 0.0000000e+00 
 0.0000000e+00 
 0.0000000e+00 
 0.0000000e+00 
 0.0000000e+00 
 0.0000000e+00 
 0.0000000e+00 
 0.0000000e+00 
 0.0000000e+00 
 0.0000000e+00 
 0.0000000e+00 
 0.0000000e+00 
 0.0000000e+00 
 0.0000000e+00 
 0.0000000e+00 
 0.0000000e+00 
 0.0000000e+00 
 0.0000000e+00 
 0.0000000e+00 
 0.0000000e+00 
 0.0000000e+00 
 0.0000000e+00 
 0.0000000e+00 
 0.0000000e+00 
 0.0000000e+00 
 0.0000000e+00 
 0.0000000e+00 
 0.0000000e+00 
 0.0000000e+00 
 0.0000000e+00 
 0.0000000e+00 
 0.0000000e+00 
 0.0000000e+00 
 0.0000000e+00 
 0.0000000e+00 
 0.0000000e+00 
 0.0000000e+00 
 0.0000000e+00 
 0.0000000e+00 
 0.0000000e+00 
 0.0000000e+00 
 0.0000000e+00 
 0.0000000e+00 
 0.0000000e+00 
 0.0000000e+00 
 0.0000000e+00 
 0.0000000e+00 
 0.0000000e+00 
 0.0000000e+00 
 0.0000000e+00 
 0.0000000e+00 
 0.0000000e+00 
 0.0000000e+00 
 0.0000000e+00 
 0.0000000e+00 
 0.0000000e+00 
 0.0000000e+00 
 0.0000000e+00 
 0.0000000e+00 
 0.0000000e+00 
 0.0000000e+00 
 0.0000000e+00 
 0.0000000e+00 
 0.0000000e+00 
 0.0000000e+00 
 0.0000000e+00 
 0.0000000e+00 
 0.0000000e+00 
 0.0000000e+00 
 0.0000000e+00 
 0.0000000e+00 
 0.0000000e+00 
 0.0000000e+00 
 0.0000000e+00 
 0.0000000e+00 
 0.0000000e+00 
 0.0000000e+00 
 0.0000000e+00 
 0.0000000e+00 
 0.0000000e+00 
 0.0000000e+00 
 0.0000000e+00 
 0.0000000e+00 
 0.0000000e+00 
 0.0000000e+00 
 0.0000000e+00 
 0.0000000e+00 
 0.0000000e+00 
 0.0000000e+00 
 0.0000000e+00 
 0.0000000e+00 
 0.0000000e+00 
 0.0000000e+00 
 0.0000000e+00 
 0.0000000e+00 
 0.0000000e+00 
 0.0000000e+00 
 0.0000000e+00 
 0.0000000e+00 
 0.0000000e+00 
 0.0000000e+00 
 0.0000000e+00 
 0.0000000e+00 
 0.0000000e+00 
 0.0000000e+00 
 0.0000000e+00 
 0.0000000e+00 
 0.0000000e+00 
 0.0000000e+00 
 0.0000000e+00 
 0.0000000e+00 
 0.0000000e+00 
 0.0000000e+00 
 0.0000000e+00 
 0.0000000e+00 
 0.0000000e+00 
 0.0000000e+00 
 0.0000000e+00 
 0.0000000e+00 
 0.0000000e+00 
 0.0000000e+00 
 0.0000000e+00 
 0.0000000e+00 
 0.0000000e+00 
 0.0000000e+00 
 0.0000000e+00 
 0.0000000e+00 
 0.0000000e+00 
 0.0000000e+00 
 0.0000000e+00 
 0.0000000e+00 
 0.0000000e+00 
 0.0000000e+00 
 0.0000000e+00 
 0.0000000e+00 
 0.0000000e+00 
 0.0000000e+00 
 0.0000000e+00 
 0.0000000e+00 
 0.0000000e+00 
 0.0000000e+00 
 0.0000000e+00 
 0.0000000e+00 
 0.0000000e+00 
 0.0000000e+00 
 0.0000000e+00 
 0.0000000e+00 
 0.0000000e+00 
 0.0000000e+00 
 0.0000000e+00 
 0.0000000e+00 
 0.0000000e+00 
 0.0000000e+00 
 0.0000000e+00 
 0.0000000e+00 
 0.0000000e+00 
 0.0000000e+00 
 0.0000000e+00 
 0.0000000e+00 
 0.0000000e+00 
 0.0000000e+00 
 0.0000000e+00 
 0.0000000e+00 
 0.0000000e+00 
 0.0000000e+00 
 0.0000000e+00 
 0.0000000e+00 
 0.0000000e+00 
 0.0000000e+00 
 0.0000000e+00 
 0.0000000e+00 
 0.0000000e+00 
 0.0000000e+00 
 0.0000000e+00 
 0.0000000e+00 
 0.0000000e+00 
 0.0000000e+00 
 0.0000000e+00 
 0.0000000e+00 
 0.0000000e+00 
 0.0000000e+00 
 0.0000000e+00 
 0.0000000e+00 
 0.0000000e+00 
 0.0000000e+00 
 0.0000000e+00 
 0.0000000e+00 
 0.0000000e+00 
 0.0000000e+00 
 0.0000000e+00 
 0.0000000e+00 
 0.0000000e+00 
 0.0000000e+00 
 0.0000000e+00 
 0.0000000e+00 
 0.0000000e+00 
 0.0000000e+00 
 0.0000000e+00 
 0.0000000e+00 
 0.0000000e+00 
 0.0000000e+00 
 0.0000000e+00 
 0.0000000e+00 
 0.0000000e+00 
 0.0000000e+00 
 0.0000000e+00 
 0.0000000e+00 
 0.0000000e+00 
 0.0000000e+00 
 0.0000000e+00 
 0.0000000e+00 
 0.0000000e+00 
 0.0000000e+00 
 0.0000000e+00 
 0.0000000e+00 
 0.0000000e+00 
 0.0000000e+00 
 0.0000000e+00 
 0.0000000e+00 
 0.0000000e+00 
 0.0000000e+00 
 0.0000000e+00 
 0.0000000e+00 
 0.0000000e+00 
 0.0000000e+00 
 0.0000000e+00 
 0.0000000e+00 
 0.0000000e+00 
 0.0000000e+00 
 0.0000000e+00 
 0.0000000e+00 
 0.0000000e+00 
 0.0000000e+00 
 0.0000000e+00 
 0.0000000e+00 
 0.0000000e+00 
 0.0000000e+00 
 0.0000000e+00 
 0.0000000e+00 
 0.0000000e+00 
 0.0000000e+00 
 0.0000000e+00 
 0.0000000e+00 
 0.0000000e+00 
 0.0000000e+00 
 0.0000000e+00 
 0.0000000e+00 
 0.0000000e+00 
 0.0000000e+00 
 0.0000000e+00 
 0.0000000e+00 
 0.0000000e+00 
 0.0000000e+00 
 0.0000000e+00 
 0.0000000e+00 
 0.0000000e+00 
 0.0000000e+00 
 0.0000000e+00 
 0.0000000e+00 
 0.0000000e+00 
 0.0000000e+00 
 0.0000000e+00 
 0.0000000e+00 
 0.0000000e+00 
 0.0000000e+00 
 0.0000000e+00 
 0.0000000e+00 
 0.0000000e+00 
 0.0000000e+00 
 0.0000000e+00 
 0.0000000e+00 
 0.0000000e+00 
 0.0000000e+00 
 0.0000000e+00 
 0.0000000e+00 
 0.0000000e+00 
 0.0000000e+00 
 0.0000000e+00 
 0.0000000e+00 
 0.0000000e+00 
 0.0000000e+00 
 0.0000000e+00 
 0.0000000e+00 
 0.0000000e+00 
 0.0000000e+00 
 0.0000000e+00 
 0.0000000e+00 
 0.0000000e+00 
 0.0000000e+00 
 0.0000000e+00 
 0.0000000e+00 
 0.0000000e+00 
 0.0000000e+00 
 0.0000000e+00 
 0.0000000e+00 
 0.0000000e+00 
 0.0000000e+00 
 0.0000000e+00 
 0.0000000e+00 
 0.0000000e+00 
 0.0000000e+00 
 0.0000000e+00 
 0.0000000e+00 
 0.0000000e+00 
 0.0000000e+00 
 0.0000000e+00 
 0.0000000e+00 
 0.0000000e+00 
 0.0000000e+00 
 0.0000000e+00 
 0.0000000e+00 
 0.0000000e+00 
 0.0000000e+00 
 0.0000000e+00 
 0.0000000e+00 
 0.0000000e+00 
 0.0000000e+00 
 0.0000000e+00 
 0.0000000e+00 
 0.0000000e+00 
 0.0000000e+00 
 0.0000000e+00 
 0.0000000e+00 
 0.0000000e+00 
 0.0000000e+00 
 0.0000000e+00 
 0.0000000e+00 
 0.0000000e+00 
 0.0000000e+00 
 0.0000000e+00 
 0.0000000e+00 
 0.0000000e+00 
 0.0000000e+00 
 0.0000000e+00 
 0.0000000e+00 
 0.0000000e+00 
 0.0000000e+00 
 0.0000000e+00 
 0.0000000e+00 
 0.0000000e+00 
 0.0000000e+00 
 0.0000000e+00 
 0.0000000e+00 
 0.0000000e+00 
 0.0000000e+00 
 0.0000000e+00 
 0.0000000e+00 
 0.0000000e+00 
 0.0000000e+00 
 0.0000000e+00 
 0.0000000e+00 
 0.0000000e+00 
 0.0000000e+00 
 0.0000000e+00 
 0.0000000e+00 
 0.0000000e+00 
 0.0000000e+00 
 0.0000000e+00 
 0.0000000e+00 
 0.0000000e+00 
 0.0000000e+00 
 0.0000000e+00 
 0.0000000e+00 
 0.0000000e+00 
 0.0000000e+00 
 0.0000000e+00 
 0.0000000e+00 
 0.0000000e+00 
 0.0000000e+00 
 0.0000000e+00 
 0.0000000e+00 
 0.0000000e+00 
 0.0000000e+00 
 0.0000000e+00 
 0.0000000e+00 
 0.0000000e+00 
 0.0000000e+00 
 0.0000000e+00 
 0.0000000e+00 
 0.0000000e+00 
 0.0000000e+00 
 0.0000000e+00 
 0.0000000e+00 
 0.0000000e+00 
 0.0000000e+00 
 0.0000000e+00 
 0.0000000e+00 
 0.0000000e+00 
 0.0000000e+00 
 0.0000000e+00 
 0.0000000e+00 
 0.0000000e+00 
 0.0000000e+00 
 0.0000000e+00 
 0.0000000e+00 
 0.0000000e+00 
 0.0000000e+00 
 0.0000000e+00 
 0.0000000e+00 
 0.0000000e+00 
 0.0000000e+00 
 0.0000000e+00 
 0.0000000e+00 
 0.0000000e+00 
 0.0000000e+00 
 0.0000000e+00 
 0.0000000e+00 
 0.0000000e+00 
 0.0000000e+00 
 0.0000000e+00 
 0.0000000e+00 
 0.0000000e+00 
 0.0000000e+00 
 0.0000000e+00 
 0.0000000e+00 
 0.0000000e+00 
 0.0000000e+00 
 0.0000000e+00 
 0.0000000e+00 
 0.0000000e+00 
 0.0000000e+00 
 0.0000000e+00 
 0.0000000e+00 
 0.0000000e+00 
 0.0000000e+00 
 0.0000000e+00 
 0.0000000e+00 
 0.0000000e+00 
 0.0000000e+00 
 0.0000000e+00 
 0.0000000e+00 
 0.0000000e+00 
 0.0000000e+00 
 0.0000000e+00 
 0.0000000e+00 
 0.0000000e+00 
 0.0000000e+00 
 0.0000000e+00 
 0.0000000e+00 
 0.0000000e+00 
 0.0000000e+00 
 0.0000000e+00 
 0.0000000e+00 
 0.0000000e+00 
 0.0000000e+00 
 0.0000000e+00 
 0.0000000e+00 
 0.0000000e+00 
 0.0000000e+00 
 0.0000000e+00 
 0.0000000e+00 
 0.0000000e+00 
 0.0000000e+00 
 0.0000000e+00 
 0.0000000e+00 
 0.0000000e+00 
 0.0000000e+00 
 0.0000000e+00 
 0.0000000e+00 
 0.0000000e+00 
 0.0000000e+00 
 0.0000000e+00 
 0.0000000e+00 
 0.0000000e+00 
 0.0000000e+00 
 0.0000000e+00 
 0.0000000e+00 
 0.0000000e+00 
 0.0000000e+00 
 0.0000000e+00 
 0.0000000e+00 
 0.0000000e+00 
 0.0000000e+00 
 0.0000000e+00 
 0.0000000e+00 
 0.0000000e+00 
 0.0000000e+00 
 0.0000000e+00 
 0.0000000e+00 
 0.0000000e+00 
 0.0000000e+00 
 0.0000000e+00 
 0.0000000e+00 
 0.0000000e+00 
 0.0000000e+00 
 0.0000000e+00 
 0.0000000e+00 
 0.0000000e+00 
 0.0000000e+00 
 0.0000000e+00 
 0.0000000e+00 
 0.0000000e+00 
 0.0000000e+00 
 0.0000000e+00 
 0.0000000e+00 
 0.0000000e+00 
 0.0000000e+00 
 0.0000000e+00 
 0.0000000e+00 
 0.0000000e+00 
 0.0000000e+00 
 0.0000000e+00 
 0.0000000e+00 
 0.0000000e+00 
 0.0000000e+00 
 0.0000000e+00 
 0.0000000e+00 
 0.0000000e+00 
 0.0000000e+00 
 0.0000000e+00 
 0.0000000e+00 
 0.0000000e+00 
 0.0000000e+00 
 0.0000000e+00 
 0.0000000e+00 
 0.0000000e+00 
 0.0000000e+00 
 0.0000000e+00 
 0.0000000e+00 
 0.0000000e+00 
 0.0000000e+00 
 0.0000000e+00 
 0.0000000e+00 
 0.0000000e+00 
 0.0000000e+00 
 0.0000000e+00 
 0.0000000e+00 
 0.0000000e+00 
 0.0000000e+00 
 0.0000000e+00 
 0.0000000e+00 
 0.0000000e+00 
 0.0000000e+00 
 0.0000000e+00 
 0.0000000e+00 
 0.0000000e+00 
 0.0000000e+00 
 0.0000000e+00 
 0.0000000e+00 
 0.0000000e+00 
 0.0000000e+00 
 0.0000000e+00 
 0.0000000e+00 
 0.0000000e+00 
 0.0000000e+00 
 0.0000000e+00 
 0.0000000e+00 
 0.0000000e+00 
 0.0000000e+00 
 0.0000000e+00 
 0.0000000e+00 
 0.0000000e+00 
 0.0000000e+00 
 0.0000000e+00 
 0.0000000e+00 
 0.0000000e+00 
 0.0000000e+00 
 0.0000000e+00 
 0.0000000e+00 
 0.0000000e+00 
 0.0000000e+00 
 0.0000000e+00 
 0.0000000e+00 
 0.0000000e+00 
 0.0000000e+00 
 0.0000000e+00 
 0.0000000e+00 
 0.0000000e+00 
 0.0000000e+00 
 0.0000000e+00 
 0.0000000e+00 
 0.0000000e+00 
 0.0000000e+00 
 0.0000000e+00 
 0.0000000e+00 
 0.0000000e+00 
 0.0000000e+00 
 0.0000000e+00 
 0.0000000e+00 
 0.0000000e+00 
 0.0000000e+00 
 0.0000000e+00 
 0.0000000e+00 
 0.0000000e+00 
 0.0000000e+00 
 0.0000000e+00 
 0.0000000e+00 
 0.0000000e+00 
 0.0000000e+00 
 0.0000000e+00 
 0.0000000e+00 
 0.0000000e+00 
 0.0000000e+00 
 0.0000000e+00 
 0.0000000e+00 
 0.0000000e+00 
 0.0000000e+00 
 0.0000000e+00 
 0.0000000e+00 
 0.0000000e+00 
 0.0000000e+00 
 0.0000000e+00 
 0.0000000e+00 
 0.0000000e+00 
 0.0000000e+00 
 0.0000000e+00 
 0.0000000e+00 
 0.0000000e+00 
 0.0000000e+00 
 0.0000000e+00 
 0.0000000e+00 
 0.0000000e+00 
 0.0000000e+00 
 0.0000000e+00 
 0.0000000e+00 
 0.0000000e+00 
 0.0000000e+00 
 0.0000000e+00 
 0.0000000e+00 
 0.0000000e+00 
 0.0000000e+00 
 0.0000000e+00 
 0.0000000e+00 
 0.0000000e+00 
 0.0000000e+00 
 0.0000000e+00 
 0.0000000e+00 
 0.0000000e+00 
 0.0000000e+00 
 0.0000000e+00 
 0.0000000e+00 
 0.0000000e+00 
 0.0000000e+00 
 0.0000000e+00 
 0.0000000e+00 
 0.0000000e+00 
 0.0000000e+00 
 0.0000000e+00 
 0.0000000e+00 
 0.0000000e+00 
 0.0000000e+00 
 0.0000000e+00 
 0.0000000e+00 
 0.0000000e+00 
 0.0000000e+00 
 0.0000000e+00 
 0.0000000e+00 
 0.0000000e+00 
 0.0000000e+00 
 0.0000000e+00 
 0.0000000e+00 
 0.0000000e+00 
 0.0000000e+00 
 0.0000000e+00 
 0.0000000e+00 
 0.0000000e+00 
 0.0000000e+00 
